(1.0,[0.0,0.0,0.0,0.0,0.0,0.0,0.0,0.0,11.0,133.0])
(-1.0,[0.0,16.0,51.0,80.0,51.0,51.0,23.0,0.0,-11.0,-133.0])
(-1.0,[0.0,-111.0,-175.0,-120.0,-95.0,-36.0,-4.0,0.0,0.0,0.0])
(1.0,[0.0,0.0,0.0,0.0,0.0,0.0,0.0,7.0,54.0,119.0])
(1.0,[0.0,0.0,0.0,0.0,0.0,0.0,-106.0,-15.0,127.0,0.0])
(1.0,[0.0,0.0,0.0,0.0,0.0,0.0,0.0,-34.0,-132.0,0.0])
(1.0,[0.0,0.0,0.0,0.0,0.0,0.0,44.0,140.0,36.0,0.0])
(-1.0,[-11.0,-120.0,0.0,0.0,-68.0,-43.0,52.0,93.0,52.0,0.0])
(-1.0,[0.0,0.0,0.0,0.0,0.0,0.0,0.0,32.0,45.0,0.0])
(1.0,[11.0,120.0,0.0,0.0,68.0,43.0,-92.0,-160.0,-95.0,0.0])
(1.0,[0.0,0.0,0.0,0.0,0.0,0.0,0.0,-36.0,-171.0,-4.0])
(-1.0,[0.0,24.0,118.0,0.0,0.0,0.0,0.0,0.0,0.0,0.0])
(1.0,[0.0,0.0,0.0,0.0,0.0,0.0,0.0,2.0,87.0,0.0])
(1.0,[0.0,0.0,0.0,0.0,0.0,0.0,0.0,9.0,141.0,119.0])
(-1.0,[0.0,0.0,0.0,0.0,0.0,0.0,33.0,155.0,30.0,-23.0])
(1.0,[0.0,0.0,0.0,-2.0,-55.0,-138.0,62.0,160.0,95.0,0.0])
(-1.0,[0.0,0.0,0.0,0.0,7.0,106.0,93.0,-7.0,0.0,0.0])
(-1.0,[0.0,0.0,0.0,0.0,0.0,0.0,33.0,153.0,-57.0,0.0])
(1.0,[0.0,0.0,0.0,0.0,-27.0,-172.0,-105.0,175.0,27.0,0.0])
(-1.0,[0.0,0.0,0.0,2.0,55.0,138.0,30.0,0.0,0.0,-23.0])
(-1.0,[0.0,0.0,0.0,0.0,0.0,0.0,-31.0,-19.0,76.0,9.0])
(1.0,[0.0,0.0,0.0,-2.0,-55.0,-138.0,-30.0,34.0,132.0,0.0])
(1.0,[0.0,0.0,0.0,0.0,0.0,0.0,0.0,41.0,-9.0,0.0])
(1.0,[11.0,96.0,-118.0,0.0,68.0,43.0,0.0,0.0,0.0,0.0])
(-1.0,[0.0,24.0,118.0,0.0,0.0,0.0,-44.0,-181.0,-27.0,0.0])
(1.0,[0.0,0.0,0.0,0.0,-27.0,-172.0,-57.0,154.0,95.0,0.0])
(-1.0,[0.0,16.0,51.0,80.0,51.0,51.0,-69.0,-160.0,-95.0,0.0])
(-1.0,[0.0,-16.0,-51.0,-80.0,-44.0,58.0,168.0,101.0,0.0,0.0])
(1.0,[0.0,0.0,0.0,0.0,0.0,0.0,0.0,9.0,100.0,-43.0])
(-1.0,[0.0,0.0,0.0,0.0,0.0,0.0,-48.0,21.0,-68.0,0.0])
(-1.0,[0.0,0.0,0.0,0.0,0.0,0.0,44.0,140.0,-5.0,-162.0])
(1.0,[0.0,0.0,0.0,0.0,0.0,0.0,0.0,-34.0,-132.0,0.0])
(1.0,[0.0,0.0,0.0,0.0,0.0,0.0,92.0,160.0,95.0,0.0])
(1.0,[0.0,0.0,0.0,0.0,0.0,0.0,-106.0,-50.0,0.0,0.0])
(1.0,[0.0,111.0,175.0,120.0,95.0,36.0,-102.0,-50.0,0.0,0.0])
(-1.0,[0.0,8.0,67.0,-80.0,-51.0,-51.0,-23.0,0.0,0.0,0.0])
(-1.0,[0.0,0.0,0.0,0.0,0.0,0.0,-11.0,-26.0,3.0,0.0])
(-1.0,[0.0,-16.0,-51.0,-80.0,-51.0,-51.0,10.0,155.0,30.0,0.0])
(1.0,[0.0,0.0,0.0,0.0,0.0,0.0,33.0,155.0,30.0,0.0])
(-1.0,[0.0,0.0,0.0,0.0,0.0,0.0,44.0,181.0,27.0,-23.0])
(1.0,[0.0,0.0,0.0,0.0,0.0,0.0,92.0,160.0,95.0,0.0])
(1.0,[0.0,0.0,0.0,0.0,0.0,0.0,44.0,179.0,-60.0,0.0])
(1.0,[0.0,0.0,0.0,0.0,0.0,3.0,98.0,108.0,0.0,0.0])
(1.0,[0.0,0.0,0.0,0.0,0.0,0.0,52.0,93.0,52.0,0.0])
(-1.0,[0.0,24.0,118.0,0.0,0.0,0.0,0.0,-35.0,-127.0,0.0])
(1.0,[0.0,0.0,0.0,0.0,0.0,0.0,0.0,-75.0,-199.0,-9.0])
(1.0,[0.0,0.0,0.0,0.0,0.0,0.0,0.0,0.0,0.0,0.0])
(1.0,[0.0,-24.0,-118.0,0.0,0.0,0.0,106.0,50.0,0.0,0.0])
(1.0,[0.0,0.0,0.0,0.0,0.0,0.0,92.0,160.0,95.0,-23.0])
(1.0,[0.0,0.0,0.0,0.0,0.0,0.0,-31.0,-94.0,-123.0,0.0])
(1.0,[0.0,0.0,0.0,0.0,0.0,0.0,0.0,0.0,0.0,0.0])
(-1.0,[0.0,0.0,0.0,0.0,0.0,0.0,0.0,27.0,30.0,-115.0])
(-1.0,[0.0,-16.0,-51.0,-80.0,-51.0,-51.0,-23.0,34.0,132.0,0.0])
(-1.0,[0.0,0.0,0.0,0.0,0.0,0.0,0.0,-2.0,-87.0,0.0])
(1.0,[0.0,0.0,0.0,0.0,27.0,172.0,105.0,-134.0,-36.0,0.0])
(1.0,[0.0,0.0,0.0,0.0,0.0,0.0,-31.0,-94.0,-82.0,162.0])
(1.0,[0.0,0.0,0.0,0.0,0.0,109.0,134.0,-89.0,-123.0,0.0])
(1.0,[11.0,120.0,0.0,0.0,68.0,43.0,-106.0,-50.0,0.0,0.0])
(1.0,[0.0,0.0,0.0,0.0,0.0,0.0,91.0,170.0,99.0,0.0])
(-1.0,[0.0,0.0,0.0,2.0,55.0,138.0,-1.0,-94.0,-123.0,0.0])
(1.0,[0.0,0.0,0.0,0.0,0.0,0.0,-31.0,-94.0,-112.0,133.0])
(-1.0,[-11.0,-120.0,0.0,0.0,-68.0,-43.0,0.0,35.0,127.0,0.0])
(1.0,[0.0,0.0,0.0,0.0,0.0,0.0,92.0,160.0,54.0,-162.0])
(-1.0,[0.0,0.0,0.0,0.0,0.0,0.0,-44.0,-181.0,-27.0,0.0])
(1.0,[0.0,-24.0,-118.0,2.0,55.0,138.0,30.0,0.0,0.0,0.0])
(-1.0,[0.0,0.0,0.0,0.0,0.0,0.0,-31.0,-60.0,9.0,0.0])
(1.0,[0.0,0.0,0.0,0.0,0.0,0.0,92.0,151.0,-46.0,-119.0])
(1.0,[0.0,0.0,0.0,0.0,0.0,0.0,-106.0,-48.0,87.0,0.0])
(1.0,[0.0,111.0,175.0,120.0,88.0,-73.0,-187.0,-101.0,0.0,0.0])
(1.0,[0.0,0.0,0.0,0.0,0.0,0.0,0.0,0.0,0.0,0.0])
(-1.0,[0.0,24.0,118.0,0.0,0.0,0.0,-52.0,-93.0,-52.0,0.0])
(-1.0,[0.0,0.0,0.0,0.0,0.0,0.0,-92.0,-160.0,-95.0,0.0])
(1.0,[0.0,0.0,0.0,0.0,0.0,0.0,-91.0,-170.0,-88.0,133.0])
(-1.0,[0.0,0.0,0.0,0.0,0.0,0.0,0.0,0.0,0.0,-23.0])
(1.0,[0.0,0.0,0.0,0.0,0.0,0.0,-11.0,15.0,-6.0,0.0])
(-1.0,[0.0,0.0,0.0,0.0,7.0,109.0,139.0,8.0,-52.0,0.0])
(1.0,[0.0,0.0,0.0,0.0,0.0,0.0,-91.0,-170.0,-99.0,23.0])
(-1.0,[0.0,-16.0,-51.0,-80.0,-51.0,-48.0,75.0,108.0,0.0,0.0])
(1.0,[0.0,0.0,0.0,0.0,0.0,0.0,0.0,0.0,41.0,162.0])
(1.0,[0.0,16.0,51.0,80.0,51.0,51.0,23.0,0.0,0.0,0.0])
(1.0,[0.0,0.0,0.0,0.0,0.0,0.0,0.0,-34.0,-132.0,0.0])
(1.0,[0.0,0.0,0.0,0.0,0.0,0.0,-22.0,-111.0,-58.0,-18.0])
(-1.0,[0.0,0.0,0.0,0.0,0.0,0.0,-92.0,-125.0,32.0,0.0])
(1.0,[0.0,0.0,0.0,0.0,-27.0,-172.0,-149.0,-6.0,41.0,162.0])
(1.0,[0.0,16.0,51.0,80.0,51.0,51.0,-68.0,-170.0,-99.0,0.0])
(1.0,[0.0,0.0,0.0,0.0,0.0,0.0,44.0,140.0,36.0,0.0])
(1.0,[0.0,0.0,0.0,0.0,-27.0,-172.0,-127.0,140.0,185.0,18.0])
(-1.0,[0.0,111.0,175.0,120.0,95.0,36.0,4.0,-9.0,-141.0,-119.0])
(-1.0,[-11.0,-120.0,0.0,0.0,-68.0,-43.0,0.0,0.0,0.0,23.0])
(1.0,[0.0,16.0,51.0,80.0,51.0,51.0,23.0,0.0,-41.0,-162.0])
(1.0,[0.0,0.0,0.0,0.0,0.0,0.0,0.0,-75.0,-199.0,14.0])
(1.0,[11.0,120.0,0.0,0.0,68.0,43.0,0.0,-35.0,-127.0,0.0])
(1.0,[0.0,0.0,0.0,0.0,0.0,0.0,0.0,-9.0,-141.0,-119.0])
(1.0,[0.0,0.0,0.0,0.0,0.0,3.0,98.0,72.0,-171.0,-4.0])
(1.0,[0.0,-24.0,-118.0,0.0,0.0,3.0,98.0,108.0,0.0,0.0])
(-1.0,[0.0,0.0,0.0,0.0,0.0,0.0,0.0,-36.0,-171.0,-4.0])
(-1.0,[0.0,0.0,0.0,0.0,0.0,0.0,22.0,146.0,185.0,18.0])
(1.0,[0.0,-24.0,-118.0,0.0,0.0,0.0,0.0,0.0,0.0,23.0])
(1.0,[0.0,0.0,0.0,0.0,-7.0,-109.0,-191.0,-26.0,199.0,9.0])
(1.0,[0.0,-24.0,-118.0,0.0,0.0,0.0,52.0,93.0,52.0,0.0])
(1.0,[0.0,0.0,0.0,0.0,0.0,0.0,-52.0,-58.0,75.0,0.0])
(1.0,[0.0,0.0,0.0,0.0,0.0,0.0,-33.0,-155.0,11.0,162.0])
(1.0,[0.0,0.0,0.0,0.0,0.0,0.0,52.0,93.0,52.0,0.0])
(1.0,[0.0,0.0,0.0,0.0,0.0,3.0,76.0,-38.0,-185.0,-18.0])
(-1.0,[-11.0,-120.0,0.0,0.0,-68.0,-43.0,0.0,0.0,0.0,0.0])
(-1.0,[0.0,0.0,0.0,0.0,0.0,0.0,-91.0,-134.0,72.0,4.0])
(1.0,[0.0,-24.0,-118.0,0.0,0.0,0.0,33.0,155.0,30.0,0.0])
(1.0,[0.0,-111.0,-175.0,-120.0,-95.0,-36.0,-4.0,0.0,0.0,0.0])
(1.0,[0.0,0.0,0.0,0.0,0.0,0.0,0.0,-34.0,-132.0,23.0])
(-1.0,[0.0,0.0,0.0,0.0,27.0,172.0,149.0,6.0,0.0,0.0])
(1.0,[0.0,0.0,0.0,0.0,0.0,0.0,40.0,67.0,43.0,0.0])
(-1.0,[-11.0,-120.0,0.0,0.0,-68.0,-43.0,31.0,94.0,123.0,0.0])
(-1.0,[0.0,0.0,0.0,0.0,0.0,0.0,0.0,75.0,188.0,-124.0])
(1.0,[0.0,0.0,0.0,0.0,0.0,0.0,0.0,-75.0,-158.0,153.0])
(1.0,[0.0,16.0,51.0,80.0,51.0,51.0,23.0,-75.0,-199.0,-9.0])
(1.0,[0.0,0.0,0.0,0.0,0.0,0.0,52.0,93.0,52.0,0.0])
(1.0,[0.0,0.0,0.0,0.0,-7.0,-109.0,-158.0,54.0,30.0,0.0])
(1.0,[0.0,0.0,0.0,0.0,0.0,0.0,0.0,-2.0,-46.0,162.0])
(-1.0,[0.0,0.0,0.0,0.0,27.0,172.0,149.0,-3.0,-141.0,-119.0])
(1.0,[0.0,0.0,0.0,0.0,0.0,0.0,-44.0,-140.0,-36.0,0.0])
(-1.0,[0.0,0.0,0.0,0.0,0.0,0.0,52.0,58.0,-75.0,0.0])
(-1.0,[0.0,0.0,0.0,0.0,0.0,0.0,-44.0,-181.0,-27.0,0.0])
(1.0,[0.0,0.0,0.0,0.0,-7.0,-109.0,-191.0,-101.0,0.0,23.0])
(-1.0,[0.0,0.0,0.0,0.0,0.0,-109.0,-59.0,45.0,0.0,0.0])
(1.0,[0.0,-16.0,-51.0,-80.0,-51.0,-51.0,-23.0,0.0,11.0,133.0])
(-1.0,[0.0,0.0,0.0,0.0,0.0,0.0,-92.0,-160.0,-95.0,0.0])
(-1.0,[0.0,0.0,0.0,0.0,7.0,109.0,191.0,101.0,0.0,0.0])
(1.0,[0.0,16.0,51.0,80.0,51.0,-58.0,-142.0,-5.0,0.0,0.0])
(-1.0,[0.0,0.0,0.0,0.0,0.0,0.0,33.0,155.0,19.0,-133.0])
(1.0,[0.0,0.0,0.0,0.0,0.0,0.0,-106.0,-50.0,11.0,133.0])
(-1.0,[0.0,0.0,0.0,0.0,0.0,0.0,22.0,110.0,14.0,14.0])
(1.0,[0.0,0.0,0.0,0.0,0.0,0.0,0.0,0.0,41.0,162.0])
(-1.0,[0.0,0.0,0.0,0.0,0.0,3.0,98.0,108.0,0.0,-23.0])
(1.0,[0.0,0.0,0.0,0.0,0.0,0.0,0.0,0.0,0.0,23.0])
(-1.0,[0.0,0.0,0.0,0.0,0.0,109.0,113.0,-88.0,-52.0,0.0])
(1.0,[0.0,0.0,0.0,0.0,0.0,0.0,31.0,94.0,123.0,0.0])
(1.0,[0.0,0.0,0.0,0.0,0.0,0.0,52.0,93.0,52.0,0.0])
(1.0,[11.0,120.0,0.0,0.0,68.0,43.0,0.0,0.0,0.0,0.0])
(1.0,[0.0,0.0,0.0,0.0,0.0,0.0,91.0,170.0,99.0,0.0])
(1.0,[0.0,0.0,0.0,0.0,0.0,3.0,98.0,108.0,0.0,0.0])
