(1.0,[0.0,0.0,0.0,0.0,0.0,0.0,60.0,76.0,-24.0,0.0])
(1.0,[0.0,0.0,0.0,0.0,-27.0,-172.0,-97.0,87.0,52.0,0.0])
(-1.0,[0.0,0.0,0.0,0.0,7.0,109.0,191.0,101.0,0.0,0.0])
(-1.0,[0.0,0.0,0.0,0.0,27.0,172.0,118.0,-88.0,-123.0,0.0])
(1.0,[0.0,0.0,0.0,0.0,0.0,109.0,165.0,3.0,-87.0,0.0])
(1.0,[0.0,0.0,0.0,0.0,0.0,0.0,73.0,-105.0,-30.0,0.0])
(1.0,[11.0,120.0,0.0,0.0,68.0,43.0,0.0,-9.0,-141.0,-119.0])
(1.0,[0.0,0.0,0.0,0.0,0.0,0.0,-91.0,-170.0,-99.0,0.0])
(-1.0,[0.0,0.0,0.0,0.0,0.0,0.0,44.0,181.0,-14.0,-162.0])
(-1.0,[0.0,0.0,0.0,0.0,0.0,0.0,0.0,0.0,41.0,139.0])
(-1.0,[0.0,0.0,0.0,0.0,0.0,0.0,0.0,-35.0,-86.0,162.0])
(1.0,[0.0,111.0,175.0,120.0,95.0,36.0,4.0,-36.0,-171.0,-4.0])
(-1.0,[0.0,95.0,124.0,40.0,44.0,-15.0,-19.0,0.0,0.0,0.0])
(1.0,[0.0,0.0,0.0,2.0,55.0,138.0,-3.0,-155.0,-30.0,0.0])
(1.0,[0.0,0.0,0.0,0.0,0.0,0.0,48.0,-21.0,68.0,0.0])
(1.0,[0.0,0.0,0.0,0.0,0.0,0.0,-44.0,-140.0,-36.0,0.0])
(1.0,[0.0,0.0,0.0,0.0,0.0,0.0,-62.0,131.0,27.0,0.0])
(1.0,[0.0,0.0,0.0,0.0,0.0,0.0,13.0,87.0,-96.0,0.0])
(1.0,[0.0,16.0,51.0,80.0,44.0,-58.0,-168.0,-101.0,0.0,0.0])
(1.0,[0.0,0.0,0.0,0.0,0.0,0.0,0.0,1.0,-5.0,0.0])
(1.0,[0.0,0.0,0.0,-2.0,-55.0,-138.0,-30.0,9.0,141.0,119.0])
(1.0,[0.0,0.0,0.0,0.0,0.0,0.0,-52.0,-93.0,-11.0,162.0])
(1.0,[0.0,0.0,0.0,0.0,-7.0,-109.0,-169.0,45.0,185.0,18.0])
(-1.0,[0.0,0.0,0.0,0.0,0.0,0.0,0.0,35.0,116.0,-133.0])
(1.0,[0.0,0.0,0.0,0.0,27.0,172.0,43.0,-44.0,0.0,0.0])
(-1.0,[0.0,0.0,0.0,0.0,0.0,0.0,0.0,34.0,121.0,-133.0])
(1.0,[0.0,24.0,118.0,0.0,0.0,0.0,-44.0,-140.0,-36.0,0.0])
(-1.0,[0.0,0.0,0.0,0.0,0.0,0.0,44.0,146.0,-100.0,0.0])
(1.0,[0.0,0.0,0.0,0.0,0.0,0.0,0.0,-2.0,-87.0,23.0])
(1.0,[0.0,0.0,0.0,0.0,0.0,0.0,0.0,-32.0,-45.0,0.0])
(1.0,[0.0,0.0,0.0,0.0,0.0,0.0,-22.0,-146.0,-185.0,-18.0])
(-1.0,[0.0,24.0,118.0,0.0,0.0,0.0,0.0,-36.0,-171.0,-4.0])
(-1.0,[0.0,0.0,0.0,2.0,55.0,138.0,30.0,-35.0,-127.0,0.0])
(1.0,[0.0,0.0,0.0,0.0,0.0,0.0,0.0,75.0,199.0,9.0])
(-1.0,[0.0,0.0,0.0,0.0,0.0,0.0,-31.0,-94.0,-123.0,0.0])
(1.0,[0.0,87.0,57.0,120.0,95.0,36.0,4.0,0.0,0.0,0.0])
(1.0,[0.0,0.0,0.0,0.0,0.0,0.0,0.0,2.0,87.0,0.0])
(-1.0,[0.0,0.0,0.0,0.0,0.0,0.0,44.0,172.0,-114.0,-119.0])
(-1.0,[0.0,0.0,0.0,0.0,0.0,0.0,0.0,0.0,-41.0,-162.0])
(1.0,[0.0,0.0,0.0,0.0,0.0,-3.0,-98.0,-108.0,0.0,0.0])
(-1.0,[0.0,0.0,0.0,0.0,0.0,-109.0,-121.0,135.0,36.0,0.0])
(1.0,[0.0,0.0,0.0,2.0,55.0,138.0,30.0,0.0,0.0,0.0])
(1.0,[0.0,24.0,118.0,0.0,0.0,0.0,0.0,0.0,0.0,0.0])
(1.0,[0.0,-8.0,-67.0,80.0,51.0,51.0,23.0,0.0,0.0,0.0])
(-1.0,[0.0,0.0,0.0,0.0,0.0,0.0,-22.0,-35.0,158.0,18.0])
(-1.0,[0.0,0.0,0.0,0.0,0.0,0.0,0.0,0.0,-11.0,-110.0])
(-1.0,[0.0,0.0,0.0,0.0,0.0,0.0,22.0,146.0,185.0,-5.0])
(1.0,[0.0,0.0,0.0,0.0,0.0,0.0,-106.0,-41.0,141.0,119.0])
(1.0,[0.0,0.0,0.0,0.0,0.0,0.0,-44.0,-181.0,-16.0,133.0])
(1.0,[0.0,16.0,51.0,80.0,51.0,51.0,23.0,0.0,0.0,0.0])
(-1.0,[0.0,111.0,175.0,120.0,95.0,36.0,4.0,-35.0,-127.0,0.0])
(-1.0,[0.0,0.0,0.0,0.0,0.0,0.0,0.0,0.0,-11.0,-133.0])
(-1.0,[0.0,0.0,0.0,0.0,0.0,0.0,31.0,94.0,123.0,0.0])
(-1.0,[0.0,0.0,0.0,0.0,0.0,0.0,106.0,15.0,-127.0,0.0])
(-1.0,[0.0,0.0,0.0,0.0,0.0,0.0,0.0,0.0,-41.0,-162.0])
(1.0,[0.0,0.0,0.0,0.0,7.0,109.0,147.0,-39.0,-36.0,0.0])
(1.0,[0.0,0.0,0.0,0.0,0.0,0.0,47.0,30.0,63.0,0.0])
(1.0,[0.0,0.0,0.0,0.0,0.0,0.0,-22.0,-146.0,-185.0,-18.0])
(1.0,[0.0,-24.0,-118.0,0.0,0.0,0.0,0.0,0.0,0.0,0.0])
(1.0,[0.0,16.0,51.0,80.0,51.0,51.0,23.0,-9.0,-141.0,-119.0])
(1.0,[0.0,0.0,0.0,0.0,0.0,0.0,0.0,-9.0,-100.0,43.0])
(1.0,[0.0,0.0,0.0,-2.0,-55.0,-138.0,-8.0,146.0,185.0,18.0])
(1.0,[0.0,0.0,0.0,0.0,0.0,-109.0,-165.0,-5.0,0.0,23.0])
(-1.0,[0.0,0.0,0.0,0.0,0.0,0.0,-47.0,11.0,-72.0,0.0])
(1.0,[0.0,0.0,0.0,-2.0,-48.0,-29.0,161.0,101.0,0.0,0.0])
(1.0,[0.0,0.0,0.0,0.0,0.0,0.0,0.0,0.0,0.0,0.0])
(1.0,[0.0,0.0,0.0,0.0,0.0,0.0,0.0,35.0,127.0,0.0])
(1.0,[0.0,24.0,118.0,0.0,0.0,0.0,-33.0,-155.0,-30.0,0.0])
(1.0,[0.0,0.0,0.0,0.0,0.0,0.0,0.0,34.0,132.0,0.0])
(1.0,[0.0,0.0,0.0,0.0,0.0,0.0,-91.0,-161.0,42.0,119.0])
(1.0,[0.0,0.0,0.0,-2.0,-55.0,-138.0,-30.0,0.0,0.0,23.0])
(-1.0,[0.0,111.0,175.0,120.0,95.0,36.0,4.0,0.0,-41.0,-162.0])
(-1.0,[0.0,0.0,0.0,0.0,0.0,0.0,0.0,2.0,87.0,0.0])
(-1.0,[0.0,-111.0,-175.0,-120.0,-95.0,-36.0,102.0,50.0,0.0,0.0])
(1.0,[0.0,0.0,0.0,0.0,0.0,0.0,-62.0,90.0,36.0,0.0])
(1.0,[0.0,-111.0,-175.0,-120.0,-95.0,-36.0,27.0,94.0,123.0,0.0])
(-1.0,[0.0,0.0,0.0,0.0,0.0,0.0,0.0,9.0,141.0,96.0])
(1.0,[0.0,0.0,0.0,-2.0,-28.0,34.0,119.0,6.0,0.0,0.0])
(-1.0,[0.0,-111.0,-175.0,-118.0,-40.0,102.0,26.0,0.0,0.0,0.0])
(1.0,[0.0,111.0,175.0,120.0,95.0,36.0,-29.0,-155.0,-30.0,0.0])
(-1.0,[0.0,0.0,0.0,0.0,0.0,-3.0,-7.0,62.0,99.0,0.0])
(1.0,[0.0,111.0,175.0,120.0,95.0,36.0,4.0,0.0,0.0,0.0])
(-1.0,[0.0,0.0,0.0,0.0,0.0,0.0,-52.0,-93.0,-52.0,0.0])
(1.0,[0.0,0.0,0.0,0.0,0.0,0.0,0.0,-9.0,-141.0,-96.0])
(1.0,[0.0,0.0,0.0,0.0,0.0,0.0,1.0,-10.0,-4.0,0.0])
(1.0,[0.0,0.0,0.0,0.0,0.0,0.0,-15.0,120.0,99.0,0.0])
(-1.0,[0.0,0.0,0.0,0.0,0.0,0.0,0.0,75.0,199.0,9.0])
(-1.0,[0.0,0.0,0.0,0.0,7.0,109.0,160.0,7.0,-123.0,0.0])
(-1.0,[0.0,0.0,0.0,2.0,55.0,138.0,-62.0,-160.0,-95.0,0.0])
(-1.0,[0.0,0.0,0.0,0.0,0.0,0.0,-52.0,-93.0,-52.0,0.0])
(1.0,[0.0,0.0,0.0,0.0,0.0,0.0,0.0,0.0,41.0,162.0])
(1.0,[0.0,-24.0,-118.0,0.0,0.0,0.0,22.0,146.0,185.0,18.0])
(1.0,[0.0,0.0,0.0,0.0,0.0,0.0,44.0,140.0,36.0,0.0])
(1.0,[0.0,0.0,0.0,0.0,0.0,0.0,0.0,9.0,141.0,119.0])
(1.0,[0.0,0.0,0.0,0.0,0.0,0.0,22.0,146.0,185.0,18.0])
(-1.0,[0.0,0.0,0.0,0.0,0.0,0.0,0.0,75.0,199.0,9.0])
(1.0,[0.0,0.0,0.0,0.0,27.0,172.0,127.0,-140.0,-185.0,-18.0])
(-1.0,[-11.0,-120.0,0.0,0.0,-68.0,-43.0,0.0,36.0,171.0,4.0])
(-1.0,[0.0,-111.0,-175.0,-120.0,-95.0,-36.0,29.0,155.0,30.0,0.0])
(-1.0,[0.0,0.0,0.0,0.0,0.0,0.0,-58.0,-15.0,-69.0,0.0])
(1.0,[0.0,16.0,51.0,80.0,51.0,48.0,-75.0,-108.0,0.0,0.0])
(1.0,[0.0,0.0,0.0,0.0,0.0,0.0,-33.0,-155.0,-30.0,23.0])
(1.0,[0.0,0.0,0.0,0.0,0.0,0.0,0.0,35.0,127.0,0.0])
(1.0,[0.0,0.0,0.0,0.0,0.0,0.0,106.0,50.0,0.0,0.0])
(1.0,[0.0,-24.0,-118.0,0.0,0.0,0.0,0.0,0.0,11.0,133.0])
(1.0,[0.0,0.0,0.0,0.0,0.0,0.0,31.0,94.0,123.0,0.0])
(1.0,[0.0,0.0,0.0,0.0,0.0,0.0,0.0,0.0,41.0,162.0])
(1.0,[0.0,0.0,0.0,0.0,0.0,109.0,59.0,-45.0,0.0,0.0])
(1.0,[0.0,0.0,0.0,0.0,0.0,0.0,-33.0,-155.0,-19.0,133.0])
(1.0,[0.0,0.0,0.0,0.0,0.0,0.0,-44.0,-181.0,-27.0,23.0])
(-1.0,[0.0,111.0,175.0,120.0,95.0,36.0,4.0,0.0,0.0,0.0])
(-1.0,[0.0,0.0,0.0,2.0,55.0,138.0,-61.0,-170.0,-99.0,0.0])
(-1.0,[0.0,0.0,0.0,0.0,0.0,0.0,0.0,0.0,0.0,-23.0])
(-1.0,[0.0,0.0,0.0,0.0,0.0,0.0,0.0,34.0,132.0,0.0])
(1.0,[0.0,-24.0,-118.0,0.0,0.0,0.0,0.0,0.0,0.0,0.0])
(1.0,[11.0,120.0,0.0,-2.0,13.0,-95.0,-30.0,0.0,0.0,0.0])
(1.0,[0.0,0.0,0.0,0.0,0.0,3.0,98.0,33.0,-199.0,-9.0])
(1.0,[0.0,0.0,0.0,0.0,-7.0,-109.0,-191.0,-101.0,0.0,0.0])
(1.0,[0.0,24.0,118.0,0.0,0.0,0.0,-106.0,-50.0,0.0,0.0])
(-1.0,[0.0,0.0,0.0,0.0,0.0,0.0,-47.0,-30.0,-63.0,0.0])
(1.0,[0.0,0.0,0.0,0.0,0.0,3.0,54.0,-73.0,-27.0,0.0])
(1.0,[11.0,120.0,0.0,0.0,68.0,-66.0,-165.0,-5.0,0.0,0.0])
(-1.0,[0.0,0.0,0.0,0.0,0.0,0.0,0.0,-33.0,-40.0,0.0])
(1.0,[0.0,0.0,0.0,0.0,0.0,0.0,-11.0,-9.0,155.0,18.0])
(1.0,[0.0,0.0,0.0,0.0,0.0,3.0,-8.0,58.0,0.0,0.0])
(1.0,[0.0,0.0,0.0,0.0,0.0,0.0,92.0,126.0,-37.0,0.0])
(1.0,[11.0,120.0,0.0,0.0,68.0,43.0,0.0,0.0,0.0,0.0])
(-1.0,[0.0,-16.0,-51.0,-80.0,-51.0,-51.0,-23.0,2.0,87.0,0.0])
(1.0,[0.0,0.0,0.0,0.0,0.0,0.0,47.0,-11.0,72.0,0.0])
(-1.0,[0.0,0.0,0.0,0.0,0.0,0.0,62.0,-131.0,-27.0,0.0])
(-1.0,[0.0,0.0,0.0,0.0,0.0,0.0,44.0,140.0,36.0,0.0])
(1.0,[0.0,0.0,0.0,0.0,7.0,109.0,158.0,-54.0,-30.0,0.0])
(-1.0,[0.0,0.0,0.0,0.0,0.0,0.0,0.0,36.0,171.0,4.0])
(1.0,[0.0,0.0,0.0,0.0,0.0,0.0,0.0,34.0,84.0,4.0])
(1.0,[0.0,0.0,0.0,0.0,0.0,0.0,0.0,0.0,-41.0,-139.0])
(1.0,[0.0,0.0,0.0,0.0,0.0,0.0,-22.0,6.0,149.0,18.0])
(1.0,[0.0,0.0,0.0,0.0,-27.0,-172.0,-58.0,164.0,99.0,0.0])
(1.0,[0.0,-111.0,-175.0,-120.0,-95.0,-36.0,48.0,93.0,52.0,0.0])
(1.0,[0.0,0.0,0.0,0.0,0.0,0.0,-44.0,-131.0,105.0,119.0])
(-1.0,[-11.0,-120.0,0.0,0.0,-68.0,-43.0,0.0,0.0,0.0,0.0])
