(-1.0,[0.0,0.0,0.0,0.0,0.0,0.0,-52.0,-93.0,-52.0,0.0])
(-1.0,[0.0,24.0,118.0,0.0,0.0,0.0,-91.0,-170.0,-99.0,0.0])
(1.0,[0.0,0.0,0.0,0.0,0.0,0.0,-33.0,-119.0,141.0,4.0])
(1.0,[0.0,0.0,0.0,0.0,0.0,0.0,44.0,147.0,-105.0,0.0])
(-1.0,[0.0,-111.0,-175.0,-120.0,-95.0,-36.0,40.0,140.0,36.0,0.0])
(1.0,[0.0,0.0,0.0,0.0,0.0,0.0,-44.0,-105.0,91.0,0.0])
(1.0,[0.0,0.0,0.0,0.0,0.0,0.0,0.0,36.0,171.0,4.0])
(1.0,[0.0,0.0,0.0,0.0,0.0,0.0,62.0,-90.0,-36.0,0.0])
(-1.0,[0.0,0.0,0.0,0.0,0.0,0.0,0.0,-2.0,-87.0,0.0])
(-1.0,[0.0,0.0,0.0,0.0,0.0,0.0,0.0,36.0,171.0,-19.0])
(1.0,[0.0,16.0,51.0,80.0,51.0,51.0,23.0,0.0,0.0,0.0])
(1.0,[0.0,0.0,0.0,0.0,0.0,0.0,22.0,146.0,185.0,18.0])
(1.0,[0.0,0.0,0.0,0.0,0.0,0.0,-44.0,-179.0,60.0,0.0])
(-1.0,[0.0,0.0,0.0,0.0,7.0,109.0,191.0,92.0,-141.0,-119.0])
(1.0,[0.0,0.0,0.0,0.0,-27.0,-172.0,-149.0,-6.0,0.0,23.0])
(1.0,[0.0,-95.0,-124.0,-40.0,-44.0,15.0,19.0,0.0,0.0,0.0])
(1.0,[0.0,0.0,0.0,0.0,0.0,0.0,-75.0,44.0,123.0,0.0])
(-1.0,[0.0,24.0,118.0,0.0,0.0,-109.0,-165.0,-5.0,0.0,0.0])
(1.0,[0.0,0.0,0.0,0.0,0.0,0.0,-44.0,-140.0,-36.0,0.0])
(-1.0,[0.0,0.0,0.0,0.0,0.0,0.0,0.0,34.0,132.0,0.0])
(1.0,[0.0,0.0,0.0,0.0,0.0,0.0,-22.0,-146.0,-185.0,-18.0])
(-1.0,[0.0,-16.0,-51.0,-80.0,-51.0,-51.0,-23.0,0.0,0.0,0.0])
(1.0,[0.0,0.0,0.0,0.0,0.0,-109.0,-165.0,-5.0,0.0,0.0])
(-1.0,[0.0,0.0,0.0,0.0,0.0,-109.0,-165.0,-3.0,87.0,0.0])
(1.0,[0.0,0.0,0.0,0.0,0.0,0.0,19.0,-62.0,22.0,0.0])
(-1.0,[0.0,0.0,0.0,0.0,27.0,63.0,-16.0,1.0,0.0,0.0])
(1.0,[0.0,0.0,0.0,0.0,20.0,63.0,-42.0,-95.0,0.0,0.0])
(1.0,[0.0,0.0,0.0,0.0,0.0,3.0,98.0,108.0,-41.0,-162.0])
(-1.0,[0.0,-111.0,-175.0,-120.0,-95.0,-36.0,-4.0,34.0,132.0,0.0])
(1.0,[0.0,-16.0,-51.0,-80.0,-51.0,-51.0,69.0,160.0,95.0,0.0])
(1.0,[0.0,-111.0,-175.0,-120.0,-95.0,-36.0,-4.0,0.0,0.0,0.0])
(1.0,[0.0,0.0,0.0,0.0,0.0,0.0,-44.0,-140.0,-36.0,0.0])
(-1.0,[0.0,0.0,0.0,0.0,0.0,-109.0,-165.0,-5.0,0.0,0.0])
(1.0,[0.0,0.0,0.0,0.0,0.0,0.0,0.0,41.0,67.0,9.0])
(-1.0,[0.0,0.0,0.0,0.0,27.0,172.0,58.0,-164.0,-99.0,0.0])
(-1.0,[-11.0,-120.0,0.0,0.0,-68.0,-43.0,0.0,2.0,87.0,0.0])
(-1.0,[0.0,0.0,0.0,0.0,0.0,0.0,52.0,93.0,41.0,-133.0])
(1.0,[0.0,0.0,0.0,0.0,0.0,0.0,-33.0,-155.0,-30.0,0.0])
(-1.0,[0.0,0.0,0.0,0.0,0.0,-3.0,-98.0,-108.0,0.0,0.0])
(1.0,[0.0,0.0,0.0,0.0,0.0,109.0,74.0,-165.0,-99.0,0.0])
(-1.0,[-11.0,-120.0,0.0,0.0,-68.0,-43.0,0.0,0.0,0.0,0.0])
(1.0,[0.0,0.0,0.0,0.0,-7.0,-109.0,-191.0,-92.0,141.0,119.0])
(-1.0,[0.0,0.0,0.0,0.0,0.0,0.0,0.0,73.0,112.0,9.0])
(-1.0,[0.0,0.0,0.0,0.0,0.0,0.0,0.0,0.0,0.0,0.0])
(1.0,[0.0,0.0,0.0,0.0,0.0,0.0,33.0,80.0,-169.0,-9.0])
(-1.0,[0.0,0.0,0.0,2.0,55.0,135.0,-68.0,-108.0,0.0,0.0])
(1.0,[0.0,0.0,0.0,0.0,0.0,0.0,-44.0,-140.0,-36.0,0.0])
(1.0,[0.0,0.0,0.0,0.0,0.0,0.0,-91.0,-170.0,-58.0,162.0])
(1.0,[0.0,0.0,0.0,2.0,55.0,138.0,30.0,0.0,0.0,0.0])
(1.0,[11.0,120.0,0.0,0.0,68.0,43.0,0.0,0.0,-11.0,-133.0])
(1.0,[0.0,0.0,0.0,0.0,0.0,0.0,0.0,-36.0,-130.0,158.0])
(1.0,[0.0,0.0,0.0,0.0,-7.0,-109.0,-191.0,-101.0,41.0,162.0])
(1.0,[0.0,0.0,0.0,0.0,0.0,3.0,67.0,14.0,-123.0,0.0])
(1.0,[0.0,0.0,0.0,0.0,0.0,0.0,0.0,0.0,0.0,0.0])
(-1.0,[0.0,0.0,0.0,0.0,0.0,0.0,0.0,-9.0,-141.0,-119.0])
(1.0,[0.0,0.0,0.0,0.0,0.0,0.0,0.0,2.0,39.0,4.0])
(-1.0,[0.0,0.0,0.0,0.0,0.0,0.0,0.0,-1.0,5.0,0.0])
(1.0,[0.0,0.0,0.0,0.0,0.0,0.0,-44.0,-140.0,5.0,162.0])
(1.0,[0.0,0.0,0.0,0.0,0.0,0.0,44.0,181.0,27.0,0.0])
(-1.0,[0.0,0.0,0.0,0.0,0.0,3.0,6.0,-52.0,-95.0,0.0])
(1.0,[0.0,0.0,0.0,0.0,0.0,0.0,44.0,181.0,27.0,0.0])
(1.0,[11.0,120.0,0.0,0.0,68.0,43.0,0.0,0.0,0.0,0.0])
(1.0,[0.0,0.0,0.0,0.0,0.0,0.0,0.0,0.0,0.0,0.0])
(1.0,[0.0,0.0,0.0,0.0,0.0,0.0,61.0,66.0,-28.0,0.0])
(1.0,[0.0,0.0,0.0,0.0,0.0,0.0,0.0,35.0,127.0,0.0])
(-1.0,[0.0,0.0,0.0,0.0,0.0,0.0,-69.0,-24.0,86.0,18.0])
(-1.0,[-11.0,-120.0,0.0,0.0,-68.0,-43.0,0.0,75.0,199.0,9.0])
(-1.0,[-11.0,-120.0,0.0,0.0,-68.0,-40.0,98.0,108.0,0.0,0.0])
(-1.0,[0.0,0.0,0.0,0.0,0.0,0.0,-92.0,-158.0,-8.0,0.0])
(-1.0,[0.0,0.0,0.0,0.0,0.0,0.0,-91.0,-168.0,-12.0,0.0])
(-1.0,[0.0,0.0,0.0,0.0,0.0,0.0,-8.0,47.0,-16.0,0.0])
(-1.0,[0.0,0.0,0.0,0.0,0.0,109.0,165.0,5.0,-41.0,-162.0])
(1.0,[0.0,0.0,0.0,0.0,0.0,0.0,0.0,9.0,141.0,119.0])
(1.0,[0.0,16.0,51.0,80.0,51.0,51.0,1.0,-146.0,-185.0,-18.0])
(-1.0,[0.0,0.0,0.0,0.0,0.0,0.0,2.0,61.0,-93.0,0.0])
(-1.0,[0.0,0.0,0.0,0.0,27.0,172.0,105.0,-175.0,-27.0,0.0])
(-1.0,[0.0,-16.0,-51.0,-80.0,-51.0,58.0,142.0,5.0,0.0,0.0])
(1.0,[11.0,120.0,0.0,0.0,68.0,43.0,0.0,0.0,-41.0,-162.0])
(1.0,[0.0,0.0,0.0,0.0,0.0,0.0,-2.0,-61.0,93.0,0.0])
(-1.0,[0.0,24.0,118.0,0.0,0.0,0.0,-31.0,-94.0,-123.0,0.0])
(1.0,[0.0,0.0,0.0,0.0,0.0,0.0,33.0,121.0,-102.0,0.0])
(-1.0,[-11.0,-120.0,0.0,0.0,-68.0,-43.0,0.0,0.0,0.0,0.0])
(-1.0,[0.0,0.0,0.0,0.0,0.0,0.0,92.0,160.0,84.0,-133.0])
(-1.0,[0.0,0.0,0.0,0.0,0.0,-3.0,-98.0,-108.0,0.0,0.0])
(-1.0,[0.0,0.0,0.0,0.0,7.0,109.0,99.0,-59.0,-95.0,0.0])
(-1.0,[0.0,0.0,0.0,0.0,0.0,-3.0,-67.0,-14.0,123.0,0.0])
(-1.0,[0.0,0.0,0.0,0.0,27.0,172.0,149.0,-30.0,-171.0,-4.0])
(-1.0,[0.0,0.0,0.0,0.0,0.0,0.0,-92.0,-151.0,46.0,119.0])
(1.0,[0.0,0.0,0.0,0.0,0.0,0.0,-13.0,-46.0,87.0,0.0])
(1.0,[0.0,0.0,0.0,0.0,-7.0,-109.0,-191.0,-65.0,171.0,4.0])
(1.0,[0.0,16.0,51.0,80.0,51.0,51.0,-29.0,-93.0,-52.0,0.0])
(-1.0,[0.0,0.0,0.0,0.0,0.0,0.0,0.0,0.0,0.0,-23.0])
(1.0,[0.0,0.0,0.0,0.0,0.0,0.0,0.0,0.0,0.0,0.0])
(1.0,[0.0,0.0,0.0,0.0,0.0,0.0,-44.0,-181.0,-27.0,0.0])
(1.0,[0.0,0.0,0.0,0.0,0.0,0.0,52.0,59.0,-80.0,0.0])
(-1.0,[0.0,0.0,0.0,0.0,0.0,0.0,0.0,0.0,0.0,0.0])
(-1.0,[0.0,0.0,0.0,0.0,0.0,0.0,0.0,1.0,44.0,4.0])
(-1.0,[0.0,0.0,0.0,0.0,7.0,109.0,147.0,-80.0,-27.0,0.0])
(1.0,[0.0,111.0,175.0,120.0,95.0,36.0,4.0,0.0,0.0,0.0])
(-1.0,[0.0,0.0,0.0,0.0,0.0,0.0,0.0,0.0,-11.0,-133.0])
(-1.0,[0.0,0.0,0.0,0.0,0.0,0.0,-92.0,-160.0,-95.0,0.0])
(1.0,[0.0,0.0,0.0,0.0,0.0,0.0,-33.0,-121.0,102.0,0.0])
(1.0,[0.0,0.0,0.0,0.0,0.0,0.0,44.0,181.0,27.0,0.0])
(1.0,[0.0,0.0,0.0,0.0,0.0,-109.0,-165.0,30.0,127.0,0.0])
(1.0,[0.0,0.0,0.0,0.0,0.0,109.0,165.0,5.0,0.0,0.0])
(1.0,[0.0,0.0,0.0,0.0,27.0,172.0,149.0,6.0,0.0,0.0])
(1.0,[0.0,0.0,0.0,0.0,0.0,0.0,0.0,9.0,141.0,119.0])
(1.0,[0.0,0.0,0.0,0.0,0.0,0.0,0.0,-36.0,-171.0,-4.0])
(1.0,[0.0,0.0,0.0,0.0,0.0,3.0,98.0,108.0,0.0,0.0])
(1.0,[0.0,0.0,0.0,2.0,55.0,138.0,8.0,-146.0,-185.0,-18.0])
(1.0,[0.0,0.0,0.0,0.0,0.0,0.0,33.0,155.0,30.0,0.0])
(-1.0,[0.0,0.0,0.0,0.0,0.0,-109.0,-134.0,89.0,123.0,0.0])
(-1.0,[0.0,0.0,0.0,0.0,0.0,0.0,0.0,0.0,0.0,0.0])
(1.0,[0.0,0.0,0.0,0.0,0.0,0.0,0.0,-25.0,9.0,119.0])
(1.0,[0.0,0.0,0.0,-2.0,-55.0,-138.0,-30.0,0.0,11.0,133.0])
(1.0,[0.0,0.0,0.0,0.0,0.0,0.0,-33.0,-146.0,111.0,119.0])
(1.0,[0.0,0.0,0.0,0.0,0.0,0.0,0.0,9.0,141.0,119.0])
(-1.0,[0.0,0.0,0.0,2.0,55.0,138.0,30.0,0.0,0.0,0.0])
(-1.0,[0.0,-111.0,-175.0,-120.0,-95.0,-36.0,-4.0,0.0,0.0,0.0])
(-1.0,[0.0,0.0,0.0,0.0,7.0,109.0,100.0,-69.0,-99.0,0.0])
(-1.0,[-11.0,-120.0,0.0,0.0,-68.0,-43.0,0.0,0.0,0.0,0.0])
(-1.0,[0.0,0.0,0.0,0.0,0.0,-3.0,-98.0,-106.0,87.0,0.0])
(1.0,[0.0,0.0,0.0,0.0,0.0,0.0,0.0,0.0,0.0,0.0])
(-1.0,[0.0,0.0,0.0,0.0,0.0,0.0,-91.0,-136.0,33.0,0.0])
(1.0,[0.0,0.0,0.0,0.0,-27.0,-172.0,-149.0,-6.0,0.0,0.0])
(-1.0,[0.0,0.0,0.0,0.0,0.0,0.0,0.0,0.0,0.0,0.0])
(-1.0,[0.0,0.0,0.0,0.0,0.0,0.0,0.0,34.0,132.0,0.0])
(1.0,[0.0,0.0,0.0,0.0,-7.0,-109.0,-139.0,-8.0,52.0,0.0])
(1.0,[0.0,0.0,0.0,0.0,0.0,0.0,0.0,0.0,0.0,23.0])
(-1.0,[0.0,0.0,0.0,0.0,7.0,109.0,191.0,101.0,0.0,-23.0])
(1.0,[0.0,0.0,0.0,0.0,0.0,109.0,165.0,-31.0,-171.0,-4.0])
(1.0,[0.0,111.0,175.0,120.0,95.0,36.0,-40.0,-140.0,-36.0,0.0])
(1.0,[0.0,0.0,0.0,0.0,0.0,0.0,48.0,20.0,59.0,0.0])
(1.0,[0.0,0.0,0.0,0.0,0.0,0.0,0.0,-2.0,-87.0,0.0])
(1.0,[0.0,-24.0,-118.0,0.0,0.0,0.0,0.0,9.0,141.0,119.0])
(1.0,[0.0,0.0,0.0,0.0,0.0,0.0,31.0,94.0,123.0,0.0])
(1.0,[0.0,0.0,0.0,0.0,27.0,172.0,116.0,-149.0,-30.0,0.0])
(-1.0,[0.0,-16.0,-51.0,-80.0,-51.0,-51.0,29.0,93.0,52.0,0.0])
(-1.0,[0.0,0.0,0.0,0.0,0.0,0.0,22.0,146.0,174.0,-115.0])
(-1.0,[0.0,0.0,0.0,0.0,0.0,0.0,-31.0,-94.0,-123.0,0.0])
