(-1.0,[0.0,0.0,0.0,0.0,0.0,0.0,0.0,25.0,-9.0,-119.0])
(1.0,[0.0,0.0,0.0,0.0,0.0,109.0,165.0,5.0,0.0,0.0])
(1.0,[0.0,0.0,0.0,-2.0,-55.0,-138.0,76.0,50.0,0.0,0.0])
(1.0,[0.0,0.0,0.0,0.0,-27.0,-172.0,-149.0,28.0,132.0,0.0])
(1.0,[0.0,16.0,51.0,80.0,51.0,51.0,23.0,0.0,0.0,0.0])
(-1.0,[0.0,0.0,0.0,0.0,0.0,0.0,0.0,0.0,-11.0,-133.0])
(-1.0,[0.0,0.0,0.0,0.0,0.0,-109.0,-165.0,-5.0,0.0,0.0])
(-1.0,[0.0,0.0,0.0,0.0,0.0,0.0,91.0,170.0,99.0,-23.0])
(1.0,[0.0,16.0,51.0,80.0,51.0,51.0,-83.0,-50.0,0.0,0.0])
(-1.0,[0.0,0.0,0.0,0.0,0.0,0.0,0.0,39.0,28.0,5.0])
(-1.0,[0.0,0.0,0.0,0.0,0.0,0.0,0.0,0.0,0.0,0.0])
(1.0,[0.0,0.0,0.0,0.0,0.0,0.0,0.0,0.0,0.0,0.0])
(1.0,[0.0,16.0,51.0,80.0,51.0,51.0,-8.0,-94.0,-123.0,0.0])
(1.0,[0.0,0.0,0.0,0.0,0.0,0.0,0.0,35.0,127.0,0.0])
(1.0,[0.0,24.0,118.0,0.0,0.0,0.0,0.0,-34.0,-132.0,0.0])
(-1.0,[0.0,0.0,0.0,0.0,0.0,0.0,0.0,-35.0,-127.0,0.0])
(-1.0,[0.0,0.0,0.0,0.0,0.0,0.0,31.0,94.0,112.0,-133.0])
(1.0,[0.0,0.0,0.0,0.0,0.0,0.0,52.0,18.0,-147.0,-9.0])
(-1.0,[0.0,0.0,0.0,0.0,0.0,0.0,-91.0,-95.0,100.0,9.0])
(-1.0,[0.0,111.0,175.0,120.0,95.0,36.0,-88.0,-160.0,-95.0,0.0])
(-1.0,[0.0,0.0,0.0,0.0,0.0,0.0,31.0,59.0,-4.0,0.0])
(1.0,[0.0,-111.0,-175.0,-120.0,-95.0,-36.0,88.0,160.0,95.0,0.0])
(-1.0,[0.0,0.0,0.0,0.0,0.0,0.0,0.0,-35.0,-127.0,0.0])
(1.0,[0.0,0.0,0.0,0.0,0.0,0.0,-52.0,-93.0,-41.0,133.0])
(-1.0,[0.0,0.0,0.0,0.0,0.0,0.0,-91.0,-170.0,-99.0,0.0])
(1.0,[0.0,0.0,0.0,0.0,0.0,0.0,0.0,75.0,199.0,9.0])
(-1.0,[0.0,0.0,0.0,0.0,0.0,-3.0,-98.0,-33.0,199.0,9.0])
(-1.0,[-11.0,-120.0,0.0,0.0,-68.0,-43.0,0.0,0.0,0.0,0.0])
(-1.0,[0.0,0.0,0.0,0.0,0.0,0.0,44.0,140.0,36.0,0.0])
(1.0,[0.0,0.0,0.0,0.0,-7.0,-109.0,-191.0,-99.0,87.0,0.0])
(-1.0,[0.0,0.0,0.0,0.0,0.0,0.0,22.0,144.0,98.0,18.0])
(-1.0,[0.0,0.0,0.0,2.0,55.0,138.0,30.0,0.0,0.0,0.0])
(1.0,[0.0,0.0,0.0,0.0,0.0,0.0,0.0,36.0,171.0,4.0])
(1.0,[0.0,0.0,0.0,0.0,0.0,0.0,0.0,-75.0,-199.0,-9.0])
(-1.0,[0.0,0.0,0.0,0.0,0.0,-3.0,-65.0,47.0,30.0,0.0])
(1.0,[0.0,0.0,0.0,0.0,0.0,0.0,-44.0,-104.0,135.0,4.0])
(-1.0,[0.0,0.0,0.0,0.0,0.0,0.0,-92.0,-124.0,76.0,4.0])
(-1.0,[0.0,0.0,0.0,0.0,0.0,0.0,33.0,155.0,30.0,0.0])
(1.0,[0.0,0.0,0.0,0.0,0.0,0.0,-31.0,-94.0,-123.0,0.0])
(1.0,[0.0,0.0,0.0,0.0,0.0,0.0,92.0,160.0,95.0,0.0])
(-1.0,[0.0,0.0,0.0,0.0,0.0,0.0,0.0,40.0,72.0,9.0])
(1.0,[0.0,0.0,0.0,0.0,0.0,109.0,121.0,-176.0,-27.0,0.0])
(1.0,[0.0,0.0,0.0,0.0,0.0,109.0,165.0,5.0,0.0,0.0])
(-1.0,[0.0,0.0,0.0,0.0,0.0,0.0,0.0,2.0,46.0,-162.0])
(-1.0,[0.0,0.0,0.0,0.0,0.0,0.0,0.0,-36.0,-171.0,-4.0])
(1.0,[0.0,0.0,0.0,0.0,0.0,0.0,0.0,-1.0,-44.0,-4.0])
(-1.0,[0.0,0.0,0.0,0.0,0.0,0.0,0.0,-35.0,-127.0,0.0])
(-1.0,[0.0,0.0,0.0,0.0,0.0,0.0,-92.0,-160.0,-95.0,0.0])
(-1.0,[0.0,0.0,0.0,0.0,0.0,0.0,-44.0,-181.0,-27.0,0.0])
(1.0,[0.0,111.0,175.0,120.0,68.0,-136.0,-145.0,-6.0,0.0,0.0])
(-1.0,[0.0,0.0,0.0,0.0,0.0,109.0,165.0,5.0,0.0,-23.0])
(1.0,[0.0,111.0,175.0,120.0,95.0,36.0,4.0,-34.0,-132.0,0.0])
(-1.0,[0.0,111.0,175.0,120.0,95.0,-73.0,-161.0,-5.0,0.0,0.0])
(1.0,[0.0,0.0,0.0,0.0,-27.0,-172.0,-149.0,-4.0,87.0,0.0])
(1.0,[0.0,0.0,0.0,0.0,0.0,0.0,0.0,0.0,11.0,110.0])
(-1.0,[0.0,0.0,0.0,0.0,0.0,0.0,31.0,94.0,82.0,-162.0])
(1.0,[0.0,0.0,0.0,0.0,0.0,0.0,-106.0,25.0,199.0,9.0])
(-1.0,[-11.0,-120.0,0.0,0.0,-68.0,-43.0,44.0,181.0,27.0,0.0])
(-1.0,[0.0,0.0,0.0,0.0,0.0,0.0,0.0,0.0,0.0,-23.0])
(1.0,[0.0,0.0,0.0,-2.0,-55.0,-29.0,135.0,5.0,0.0,0.0])
(-1.0,[0.0,0.0,0.0,0.0,0.0,0.0,91.0,135.0,-28.0,0.0])
(1.0,[0.0,0.0,0.0,0.0,7.0,109.0,191.0,26.0,-199.0,-9.0])
(-1.0,[0.0,0.0,0.0,0.0,0.0,0.0,-52.0,-59.0,80.0,0.0])
(1.0,[0.0,0.0,0.0,0.0,0.0,0.0,0.0,34.0,132.0,0.0])
(1.0,[0.0,0.0,0.0,0.0,27.0,172.0,149.0,6.0,0.0,0.0])
(1.0,[0.0,0.0,0.0,0.0,0.0,0.0,-22.0,-146.0,-185.0,-18.0])
(1.0,[0.0,0.0,0.0,0.0,0.0,0.0,0.0,-35.0,-116.0,133.0])
(-1.0,[0.0,0.0,0.0,0.0,0.0,0.0,44.0,105.0,-91.0,0.0])
(1.0,[0.0,0.0,0.0,0.0,0.0,0.0,0.0,0.0,0.0,0.0])
(1.0,[0.0,0.0,0.0,0.0,0.0,0.0,0.0,0.0,0.0,0.0])
(1.0,[0.0,0.0,0.0,0.0,0.0,0.0,0.0,-75.0,-188.0,124.0])
(-1.0,[0.0,0.0,0.0,0.0,0.0,-109.0,-165.0,-5.0,0.0,0.0])
(1.0,[0.0,0.0,0.0,0.0,-27.0,-169.0,-51.0,102.0,0.0,0.0])
(1.0,[0.0,0.0,0.0,0.0,0.0,0.0,-44.0,-146.0,100.0,0.0])
(-1.0,[0.0,-16.0,-51.0,-80.0,-51.0,-51.0,-23.0,36.0,171.0,4.0])
(-1.0,[0.0,0.0,0.0,0.0,0.0,-3.0,-98.0,-108.0,0.0,0.0])
(-1.0,[0.0,0.0,0.0,0.0,0.0,0.0,0.0,9.0,130.0,-14.0])
(1.0,[-11.0,-120.0,0.0,0.0,-68.0,-43.0,0.0,0.0,11.0,133.0])
(-1.0,[0.0,0.0,0.0,0.0,0.0,0.0,0.0,0.0,-11.0,-133.0])
(1.0,[0.0,0.0,0.0,0.0,0.0,0.0,0.0,0.0,-30.0,-29.0])
(1.0,[0.0,0.0,0.0,0.0,0.0,3.0,65.0,-47.0,-30.0,0.0])
(1.0,[0.0,0.0,0.0,0.0,7.0,109.0,191.0,101.0,0.0,0.0])
(-1.0,[0.0,0.0,0.0,0.0,0.0,0.0,106.0,50.0,-11.0,-133.0])
(-1.0,[0.0,0.0,0.0,0.0,0.0,0.0,106.0,50.0,0.0,-23.0])
(-1.0,[0.0,0.0,0.0,0.0,0.0,0.0,-40.0,-67.0,-43.0,0.0])
(1.0,[0.0,0.0,0.0,0.0,0.0,0.0,-22.0,-146.0,-185.0,-18.0])
(1.0,[0.0,0.0,0.0,0.0,0.0,0.0,-106.0,-50.0,0.0,0.0])
(-1.0,[0.0,0.0,0.0,0.0,0.0,-109.0,-143.0,141.0,185.0,18.0])
(-1.0,[0.0,0.0,0.0,0.0,0.0,0.0,0.0,0.0,-41.0,-162.0])
(1.0,[0.0,0.0,0.0,0.0,0.0,0.0,58.0,15.0,69.0,0.0])
(1.0,[0.0,0.0,0.0,0.0,0.0,0.0,22.0,35.0,-158.0,-18.0])
(1.0,[0.0,0.0,0.0,0.0,0.0,0.0,0.0,-27.0,-30.0,115.0])
(1.0,[0.0,0.0,0.0,0.0,0.0,0.0,0.0,0.0,11.0,133.0])
(1.0,[0.0,111.0,175.0,120.0,95.0,36.0,4.0,-75.0,-199.0,-9.0])
(-1.0,[0.0,0.0,0.0,0.0,0.0,0.0,-60.0,-76.0,24.0,0.0])
(-1.0,[0.0,24.0,118.0,0.0,0.0,0.0,0.0,-9.0,-141.0,-119.0])
(-1.0,[0.0,24.0,118.0,0.0,0.0,0.0,-92.0,-160.0,-95.0,0.0])
(-1.0,[-11.0,-120.0,0.0,0.0,-68.0,-43.0,91.0,170.0,99.0,0.0])
(1.0,[0.0,0.0,0.0,0.0,0.0,0.0,92.0,125.0,-32.0,0.0])
(-1.0,[0.0,0.0,0.0,0.0,0.0,109.0,165.0,5.0,-11.0,-133.0])
(-1.0,[0.0,0.0,0.0,0.0,0.0,-3.0,-98.0,-108.0,0.0,0.0])
(-1.0,[0.0,0.0,0.0,0.0,27.0,172.0,149.0,6.0,0.0,0.0])
(1.0,[0.0,0.0,0.0,0.0,0.0,0.0,-22.0,-146.0,-185.0,-18.0])
(-1.0,[0.0,0.0,0.0,2.0,55.0,138.0,30.0,-9.0,-141.0,-119.0])
(1.0,[0.0,0.0,0.0,0.0,0.0,0.0,106.0,50.0,0.0,0.0])
(1.0,[0.0,0.0,0.0,0.0,0.0,0.0,-106.0,-14.0,171.0,4.0])
(1.0,[0.0,0.0,0.0,0.0,0.0,0.0,106.0,50.0,0.0,0.0])
(1.0,[0.0,-24.0,-118.0,0.0,0.0,0.0,0.0,34.0,132.0,0.0])
(-1.0,[0.0,0.0,0.0,0.0,0.0,0.0,0.0,0.0,0.0,0.0])
(-1.0,[0.0,0.0,0.0,0.0,0.0,0.0,0.0,-2.0,-87.0,0.0])
(-1.0,[0.0,0.0,0.0,0.0,0.0,0.0,0.0,-9.0,-141.0,-119.0])
(1.0,[0.0,0.0,0.0,0.0,0.0,0.0,0.0,0.0,0.0,0.0])
(1.0,[0.0,0.0,0.0,0.0,0.0,0.0,0.0,-36.0,-171.0,-4.0])
(1.0,[0.0,0.0,0.0,0.0,0.0,-109.0,-74.0,165.0,99.0,0.0])
(-1.0,[0.0,-16.0,-51.0,-80.0,-51.0,-51.0,68.0,170.0,99.0,0.0])
(1.0,[0.0,0.0,0.0,0.0,0.0,0.0,0.0,34.0,132.0,0.0])
(1.0,[0.0,0.0,0.0,0.0,-27.0,-172.0,-149.0,-6.0,11.0,133.0])
(1.0,[0.0,0.0,0.0,0.0,0.0,0.0,0.0,26.0,-14.0,-119.0])
(1.0,[0.0,0.0,0.0,0.0,0.0,0.0,0.0,-75.0,-199.0,-9.0])
(1.0,[0.0,0.0,0.0,0.0,0.0,0.0,-106.0,-50.0,0.0,0.0])
(-1.0,[0.0,-16.0,-51.0,-80.0,-51.0,-51.0,-1.0,146.0,185.0,18.0])
(-1.0,[0.0,0.0,0.0,0.0,0.0,0.0,0.0,34.0,91.0,-162.0])
(1.0,[0.0,0.0,0.0,0.0,0.0,0.0,31.0,94.0,123.0,0.0])
(-1.0,[0.0,0.0,0.0,0.0,0.0,0.0,-52.0,-93.0,-52.0,0.0])
(-1.0,[-11.0,-96.0,118.0,0.0,-68.0,-43.0,0.0,0.0,0.0,0.0])
(1.0,[0.0,16.0,51.0,80.0,51.0,51.0,23.0,-35.0,-127.0,0.0])
(-1.0,[0.0,0.0,0.0,0.0,0.0,0.0,44.0,181.0,27.0,0.0])
(1.0,[0.0,0.0,0.0,0.0,0.0,109.0,132.0,-150.0,-30.0,0.0])
(1.0,[0.0,0.0,0.0,0.0,0.0,0.0,22.0,71.0,-14.0,9.0])
(-1.0,[0.0,0.0,0.0,0.0,0.0,0.0,-8.0,88.0,-25.0,0.0])
(1.0,[0.0,0.0,0.0,0.0,0.0,109.0,165.0,5.0,0.0,0.0])
(-1.0,[-11.0,-120.0,0.0,0.0,-68.0,-43.0,0.0,0.0,41.0,162.0])
(-1.0,[0.0,-16.0,-51.0,-80.0,-51.0,-51.0,-23.0,0.0,0.0,0.0])
(1.0,[0.0,0.0,0.0,0.0,-27.0,-172.0,-149.0,69.0,199.0,9.0])
(-1.0,[0.0,0.0,0.0,0.0,7.0,109.0,191.0,99.0,-87.0,0.0])
(-1.0,[0.0,24.0,118.0,0.0,0.0,0.0,0.0,0.0,0.0,0.0])
(-1.0,[0.0,0.0,0.0,0.0,0.0,0.0,-92.0,-160.0,-95.0,23.0])
(-1.0,[0.0,0.0,0.0,0.0,0.0,0.0,0.0,0.0,0.0,0.0])
(1.0,[0.0,-16.0,-51.0,-80.0,-51.0,-51.0,-23.0,35.0,127.0,0.0])
(1.0,[0.0,0.0,0.0,0.0,0.0,-106.0,-67.0,103.0,0.0,0.0])
