(284555850, DenseVector([1.0, 93.0, 45856.0, 3.0, 4199.0, 1.0, 1.0, 0.0, 1.0, 5.0, 0.0, 2.0, 1.0, 1.0]))
(284555854, DenseVector([1.0, 93.0, 45260.0, 17.0, 3999.0, 1.0, 1.0, 0.0, 1.0, 5.0, 0.0, 22.0, 1.0, 1.0]))
(279411356, DenseVector([1.0, 99.0, 11934.0, 2.0, 34.9, 1.0, 1.0, 1.0, 1.0, 5.0, 0.0, 30.0, 3.0, 1.0]))
(280357265, DenseVector([1.0, 96.0, 28950.0, 0.0, 79.9, 0.0, 1.0, 1.0, 1.0, 5.0, 0.0, 200.0, 8.0, 1.0]))
(284555859, DenseVector([1.0, 93.0, 46116.0, 7.0, 4449.0, 1.0, 1.0, 0.0, 1.0, 5.0, 0.0, 30.0, 1.0, 1.0]))
(282142623, DenseVector([1.0, 99.0, 6413.0, 0.0, 897.06, 0.0, 1.0, 0.0, 1.0, 5.0, 0.0, 5.0, 1.0, 1.0]))
(282142624, DenseVector([1.0, 99.0, 6413.0, 0.0, 897.06, 0.0, 1.0, 0.0, 1.0, 5.0, 0.0, 5.0, 1.0, 1.0]))
(284555862, DenseVector([1.0, 93.0, 43308.0, 46.0, 3799.0, 1.0, 1.0, 0.0, 1.0, 5.0, 0.0, 46.0, 1.0, 1.0]))
(282846327, DenseVector([1.0, 95.0, 42.0, 0.0, 3549.0, 1.0, 1.0, 1.0, 1.0, 5.0, 0.0, 30.0, 1.0, 1.0]))
(277472104, DenseVector([1.0, 98.0, 1337.0, 0.0, 22.47, 0.0, 1.0, 0.0, 1.0, 5.0, 0.0, 39.0, 1.0, 1.0]))
(283752969, DenseVector([1.0, 97.0, 1371.0, 0.0, 94.65, 0.0, 1.0, 0.0, 1.0, 5.0, 0.0, 6.0, 6.0, 1.0]))
(279411368, DenseVector([1.0, 99.0, 11934.0, 3.0, 29.9, 1.0, 1.0, 1.0, 1.0, 5.0, 0.0, 200.0, 4.0, 1.0]))
(277472107, DenseVector([1.0, 98.0, 1337.0, 0.0, 22.47, 0.0, 1.0, 0.0, 1.0, 5.0, 0.0, 30.0, 1.0, 1.0]))
(277472109, DenseVector([1.0, 98.0, 1337.0, 0.0, 22.47, 0.0, 1.0, 0.0, 1.0, 5.0, 0.0, 34.0, 1.0, 1.0]))
(279411372, DenseVector([1.0, 99.0, 11934.0, 0.0, 34.9, 1.0, 1.0, 1.0, 1.0, 5.0, 0.0, 50.0, 4.0, 1.0]))
(279411373, DenseVector([1.0, 99.0, 11934.0, 1.0, 34.9, 1.0, 1.0, 1.0, 1.0, 5.0, 0.0, 50.0, 4.0, 1.0]))
(282295640, DenseVector([2.0, 99.0, 402.0, 0.0, 1338.55, 0.0, 1.0, 0.0, 1.0, 5.0, 0.0, 5.0, 1.0, 1.0]))
(274991462, DenseVector([1.0, 99.0, 12441.0, 0.0, 49.9, 1.0, 1.0, 1.0, 1.0, 5.0, 0.0, 100.0, 3.0, 1.0]))
(280372498, DenseVector([1.0, 99.0, 12553.0, 3.0, 54.9, 1.0, 1.0, 1.0, 1.0, 5.0, 0.0, 80.0, 4.0, 1.0]))
(282295642, DenseVector([2.0, 99.0, 402.0, 0.0, 1338.55, 0.0, 1.0, 0.0, 1.0, 5.0, 0.0, 5.0, 1.0, 1.0]))
(277331379, DenseVector([1.0, 98.0, 11745.0, 1.0, 29.9, 1.0, 1.0, 0.0, 1.0, 5.0, 0.0, 450.0, 1.0, 1.0]))
(277471438, DenseVector([1.0, 98.0, 1337.0, 0.0, 13.75, 0.0, 1.0, 0.0, 1.0, 5.0, 0.0, 24.0, 1.0, 1.0]))
(277471442, DenseVector([1.0, 98.0, 1337.0, 0.0, 13.75, 0.0, 1.0, 0.0, 1.0, 5.0, 0.0, 26.0, 1.0, 1.0]))
(277471445, DenseVector([1.0, 98.0, 1337.0, 0.0, 13.75, 0.0, 1.0, 0.0, 1.0, 5.0, 0.0, 24.0, 1.0, 1.0]))
(279411388, DenseVector([1.0, 99.0, 11934.0, 2.0, 29.9, 1.0, 1.0, 1.0, 1.0, 5.0, 0.0, 30.0, 2.0, 1.0]))
(282616402, DenseVector([1.0, 99.0, 11955.0, 5.0, 44.9, 1.0, 1.0, 1.0, 1.0, 5.0, 0.0, 90.0, 4.0, 1.0]))
(281404224, DenseVector([1.0, 99.0, 30354.0, 116.0, 3739.0, 0.0, 0.0, 1.0, 1.0, 5.0, 0.0, 195.0, 1.0, 1.0]))
(279411392, DenseVector([1.0, 99.0, 11934.0, 9.0, 34.9, 1.0, 1.0, 1.0, 1.0, 5.0, 0.0, 80.0, 7.0, 1.0]))
(282060936, DenseVector([1.0, 93.0, 9049.0, 3.0, 4599.0, 1.0, 1.0, 0.0, 1.0, 5.0, 0.0, 6.0, 1.0, 1.0]))
(277116651, DenseVector([1.0, 99.0, 11913.0, 0.0, 69.9, 1.0, 1.0, 1.0, 1.0, 5.0, 0.0, 20.0, 4.0, 1.0]))
(277472134, DenseVector([1.0, 98.0, 1337.0, 0.0, 25.03, 0.0, 1.0, 0.0, 1.0, 5.0, 0.0, 23.0, 1.0, 1.0]))
(282060939, DenseVector([1.0, 93.0, 8959.0, 0.0, 3999.0, 1.0, 1.0, 0.0, 1.0, 5.0, 0.0, 2.0, 1.0, 1.0]))
(282616409, DenseVector([1.0, 99.0, 11955.0, 4.0, 34.9, 1.0, 1.0, 0.0, 1.0, 5.0, 0.0, 80.0, 2.0, 1.0]))
(277116653, DenseVector([1.0, 99.0, 11913.0, 1.0, 69.9, 1.0, 1.0, 1.0, 1.0, 5.0, 0.0, 20.0, 4.0, 1.0]))
(282605060, DenseVector([2.0, 96.0, 17841.0, 1.0, 34.99, 1.0, 1.0, 0.0, 1.0, 5.0, 0.0, 150.0, 6.0, 1.0]))
(284596758, DenseVector([1.0, 98.0, 5780.0, 110.0, 3309.0, 0.0, 1.0, 1.0, 1.0, 5.0, 0.0, 300.0, 1.0, 1.0]))
(273927304, DenseVector([1.0, 99.0, 12274.0, 2.0, 34.9, 1.0, 1.0, 1.0, 1.0, 5.0, 0.0, 100.0, 3.0, 1.0]))
(277116655, DenseVector([1.0, 99.0, 11913.0, 8.0, 39.9, 1.0, 1.0, 1.0, 1.0, 5.0, 0.0, 60.0, 4.0, 1.0]))
(277323225, DenseVector([1.0, 92.0, 10934.0, 113.0, 59.9, 1.0, 1.0, 1.0, 1.0, 5.0, 0.0, 500.0, 8.0, 1.0]))
(277472137, DenseVector([1.0, 98.0, 1337.0, 0.0, 25.03, 0.0, 1.0, 0.0, 1.0, 5.0, 0.0, 63.0, 1.0, 1.0]))
(262224094, DenseVector([2.0, 91.0, 835.0, 0.0, 3599.99, 0.0, 1.0, 0.0, 1.0, 5.0, 0.0, 5.0, 3.0, 1.0]))
(277116657, DenseVector([1.0, 99.0, 11913.0, 4.0, 29.9, 1.0, 1.0, 1.0, 1.0, 5.0, 0.0, 15.0, 5.0, 1.0]))
(273927307, DenseVector([1.0, 99.0, 12274.0, 11.0, 39.9, 1.0, 1.0, 1.0, 1.0, 5.0, 0.0, 30.0, 3.0, 1.0]))
(277472140, DenseVector([1.0, 98.0, 1337.0, 0.0, 25.03, 0.0, 1.0, 0.0, 1.0, 5.0, 0.0, 35.0, 1.0, 1.0]))
(284555902, DenseVector([1.0, 93.0, 46445.0, 2.0, 4449.0, 1.0, 1.0, 0.0, 1.0, 5.0, 0.0, 17.0, 1.0, 1.0]))
(280372520, DenseVector([1.0, 99.0, 12553.0, 3.0, 44.9, 1.0, 1.0, 1.0, 1.0, 5.0, 0.0, 25.0, 4.0, 1.0]))
(282456154, DenseVector([2.0, 100.0, 1134.0, 4.0, 89.9, 1.0, 1.0, 1.0, 1.0, 0.0, 0.0, 14.0, 0.0, 1.0]))
(281072365, DenseVector([2.0, 98.0, 9556.0, 27.0, 11.99, 1.0, 1.0, 1.0, 1.0, 5.0, 0.0, 495.0, 8.0, 1.0]))
(277480097, DenseVector([1.0, 98.0, 1337.0, 2.0, 27.6, 0.0, 1.0, 0.0, 1.0, 5.0, 0.0, 25.0, 5.0, 1.0]))
(282140639, DenseVector([1.0, 89.0, 9881.0, 0.0, 3949.0, 1.0, 1.0, 0.0, 1.0, 5.0, 0.0, 17.0, 1.0, 1.0]))
(282616435, DenseVector([1.0, 99.0, 12553.0, 2.0, 47.9, 1.0, 1.0, 1.0, 1.0, 5.0, 0.0, 60.0, 0.0, 1.0]))
(281852810, DenseVector([1.0, 99.0, 29986.0, 147.0, 3689.0, 0.0, 0.0, 1.0, 1.0, 5.0, 0.0, 147.0, 1.0, 1.0]))
(279799595, DenseVector([1.0, 99.0, 69470.0, 34.0, 22.99, 1.0, 1.0, 1.0, 1.0, 5.0, 0.0, 694.0, 8.0, 1.0]))
(277410421, DenseVector([1.0, 97.0, 2429.0, 0.0, 3479.0, 0.0, 1.0, 1.0, 1.0, 5.0, 0.0, 16.0, 4.0, 1.0]))
(269062952, DenseVector([1.0, 99.0, 11934.0, 2.0, 59.9, 1.0, 1.0, 1.0, 1.0, 5.0, 0.0, 30.0, 4.0, 1.0]))
(267698232, DenseVector([2.0, 95.0, 76.0, 0.0, 5200.0, 0.0, 1.0, 0.0, 1.0, 5.0, 0.0, 2.0, 2.0, 1.0]))
(277474895, DenseVector([1.0, 98.0, 1337.0, 0.0, 27.6, 0.0, 1.0, 0.0, 1.0, 5.0, 0.0, 50.0, 1.0, 1.0]))
(267698233, DenseVector([2.0, 95.0, 77.0, 0.0, 5200.0, 0.0, 1.0, 0.0, 1.0, 5.0, 0.0, 1.0, 1.0, 1.0]))
(277474897, DenseVector([1.0, 98.0, 1337.0, 0.0, 27.6, 0.0, 1.0, 0.0, 1.0, 5.0, 0.0, 49.0, 1.0, 1.0]))
(266476748, DenseVector([2.0, 96.0, 17841.0, 9.0, 7.99, 0.0, 1.0, 0.0, 1.0, 5.0, 0.0, 250.0, 4.0, 1.0]))
(277474898, DenseVector([1.0, 98.0, 1337.0, 0.0, 27.6, 0.0, 1.0, 0.0, 1.0, 5.0, 0.0, 47.0, 1.0, 1.0]))
(282161314, DenseVector([2.0, 96.0, 17841.0, 1.0, 7.99, 0.0, 1.0, 0.0, 1.0, 5.0, 0.0, 400.0, 3.0, 1.0]))
(283109720, DenseVector([1.0, 99.0, 28531.0, 0.0, 3799.0, 0.0, 0.0, 1.0, 1.0, 5.0, 0.0, 150.0, 1.0, 1.0]))
(282161316, DenseVector([2.0, 96.0, 17841.0, 0.0, 7.99, 0.0, 1.0, 0.0, 1.0, 5.0, 0.0, 400.0, 3.0, 1.0]))
(282989196, DenseVector([1.0, 99.0, 69539.0, 10.0, 17.99, 1.0, 1.0, 1.0, 1.0, 5.0, 0.0, 297.0, 8.0, 1.0]))
(269038912, DenseVector([1.0, 96.0, 10935.0, 262.0, 4249.0, 1.0, 0.0, 1.0, 1.0, 5.0, 0.0, 302.0, 0.0, 1.0]))
(281323933, DenseVector([1.0, 99.0, 11934.0, 0.0, 34.9, 1.0, 1.0, 1.0, 1.0, 5.0, 0.0, 50.0, 4.0, 1.0]))
(280057047, DenseVector([1.0, 99.0, 82064.0, 1.0, 46.9, 1.0, 1.0, 1.0, 1.0, 5.0, 0.0, 42.0, 1.0, 1.0]))
(277471519, DenseVector([1.0, 98.0, 1337.0, 0.0, 13.75, 0.0, 1.0, 0.0, 1.0, 5.0, 0.0, 33.0, 1.0, 1.0]))
(277281749, DenseVector([2.0, 100.0, 4.0, 0.0, 3699.0, 1.0, 1.0, 1.0, 1.0, 0.0, 0.0, 20.0, 1.0, 1.0]))
(276778036, DenseVector([2.0, 100.0, 83.0, 9.0, 23.9, 1.0, 1.0, 0.0, 1.0, 0.0, 0.0, 400.0, 6.0, 1.0]))
(267032702, DenseVector([1.0, 96.0, 10165.0, 271.0, 3849.0, 1.0, 0.0, 1.0, 1.0, 5.0, 0.0, 271.0, 0.0, 1.0]))
(283692914, DenseVector([2.0, 96.0, 17841.0, 8.0, 19.99, 1.0, 1.0, 1.0, 1.0, 5.0, 0.0, 250.0, 4.0, 1.0]))
(281323943, DenseVector([1.0, 99.0, 11934.0, 1.0, 29.9, 1.0, 1.0, 1.0, 1.0, 5.0, 0.0, 300.0, 2.0, 1.0]))
(281323944, DenseVector([1.0, 99.0, 11934.0, 24.0, 29.9, 1.0, 1.0, 1.0, 1.0, 5.0, 0.0, 300.0, 2.0, 1.0]))
(273784821, DenseVector([1.0, 99.0, 33168.0, 1.0, 22.9, 1.0, 1.0, 1.0, 1.0, 5.0, 0.0, 300.0, 5.0, 1.0]))
(281323946, DenseVector([1.0, 99.0, 11934.0, 4.0, 29.9, 1.0, 1.0, 1.0, 1.0, 5.0, 0.0, 60.0, 3.0, 1.0]))
(283612107, DenseVector([1.0, 99.0, 12553.0, 1.0, 59.9, 1.0, 1.0, 1.0, 1.0, 5.0, 0.0, 50.0, 2.0, 1.0]))
(283612108, DenseVector([1.0, 99.0, 12553.0, 1.0, 59.9, 1.0, 1.0, 1.0, 1.0, 5.0, 0.0, 20.0, 4.0, 1.0]))
(273927380, DenseVector([1.0, 99.0, 12274.0, 0.0, 29.9, 1.0, 1.0, 1.0, 1.0, 5.0, 0.0, 20.0, 1.0, 1.0]))
(283612109, DenseVector([1.0, 99.0, 12016.0, 1.0, 59.9, 1.0, 1.0, 1.0, 1.0, 5.0, 0.0, 20.0, 4.0, 1.0]))
(267305792, DenseVector([1.0, 96.0, 3599.0, 0.0, 5200.0, 0.0, 1.0, 0.0, 1.0, 5.0, 0.0, 2.0, 1.0, 1.0]))
(283612112, DenseVector([1.0, 99.0, 12016.0, 16.0, 22.9, 1.0, 1.0, 1.0, 1.0, 5.0, 0.0, 100.0, 5.0, 1.0]))
(278249238, DenseVector([2.0, 96.0, 17841.0, 0.0, 12.99, 1.0, 1.0, 1.0, 1.0, 5.0, 0.0, 400.0, 7.0, 1.0]))
(282140932, DenseVector([1.0, 89.0, 9881.0, 0.0, 4599.0, 1.0, 1.0, 0.0, 1.0, 5.0, 0.0, 25.0, 1.0, 1.0]))
(253982492, DenseVector([1.0, 96.0, 3608.0, 0.0, 3912.0, 0.0, 1.0, 0.0, 1.0, 5.0, 0.0, 2.0, 1.0, 1.0]))
(254358858, DenseVector([1.0, 99.0, 12441.0, 0.0, 39.9, 1.0, 1.0, 1.0, 1.0, 5.0, 0.0, 50.0, 3.0, 1.0]))
(280354899, DenseVector([1.0, 96.0, 10199.0, 6.0, 3699.0, 1.0, 0.0, 1.0, 1.0, 5.0, 0.0, 12.0, 5.0, 1.0]))
(282141393, DenseVector([1.0, 89.0, 9881.0, 0.0, 4079.0, 1.0, 1.0, 0.0, 1.0, 5.0, 0.0, 13.0, 1.0, 1.0]))
(282989239, DenseVector([1.0, 99.0, 69568.0, 14.0, 17.99, 1.0, 1.0, 1.0, 1.0, 5.0, 0.0, 297.0, 8.0, 1.0]))
(278928890, DenseVector([1.0, 99.0, 12553.0, 1.0, 39.9, 1.0, 1.0, 1.0, 1.0, 5.0, 0.0, 20.0, 3.0, 1.0]))
(279375399, DenseVector([1.0, 99.0, 16539.0, 1.0, 19.99, 1.0, 1.0, 1.0, 1.0, 5.0, 0.0, 400.0, 7.0, 1.0]))
(264309866, DenseVector([1.0, 95.0, 90926.0, 18.0, 18.8, 1.0, 1.0, 1.0, 1.0, 5.0, 0.0, 1000.0, 5.0, 1.0]))
(269934246, DenseVector([1.0, 92.0, 714.0, 0.0, 3699.01, 0.0, 0.0, 0.0, 1.0, 5.0, 0.0, 804.0, 3.0, 1.0]))
(283612131, DenseVector([1.0, 99.0, 12016.0, 2.0, 29.9, 1.0, 1.0, 1.0, 1.0, 5.0, 0.0, 30.0, 3.0, 1.0]))
(267562323, DenseVector([2.0, 94.0, 76.0, 0.0, 5200.0, 0.0, 1.0, 0.0, 1.0, 5.0, 0.0, 2.0, 1.0, 1.0]))
(277471556, DenseVector([1.0, 98.0, 1337.0, 0.0, 22.47, 0.0, 1.0, 0.0, 1.0, 5.0, 0.0, 78.0, 5.0, 1.0]))
(277471558, DenseVector([1.0, 98.0, 1337.0, 0.0, 22.47, 0.0, 1.0, 0.0, 1.0, 5.0, 0.0, 28.0, 5.0, 1.0]))
(278660358, DenseVector([1.0, 99.0, 11934.0, 7.0, 29.9, 1.0, 1.0, 1.0, 1.0, 5.0, 0.0, 180.0, 3.0, 1.0]))
(277471559, DenseVector([1.0, 98.0, 1337.0, 0.0, 22.47, 0.0, 1.0, 0.0, 1.0, 5.0, 0.0, 80.0, 5.0, 1.0]))
(278660359, DenseVector([1.0, 99.0, 11934.0, 27.0, 29.9, 1.0, 1.0, 1.0, 1.0, 5.0, 0.0, 180.0, 3.0, 1.0]))
(284571439, DenseVector([2.0, 100.0, 3.0, 0.0, 5225.7, 0.0, 1.0, 0.0, 1.0, 0.0, 0.0, 1.0, 1.0, 1.0]))
(282303937, DenseVector([1.0, 94.0, 3968.0, 0.0, 1384.54, 0.0, 1.0, 0.0, 1.0, 5.0, 0.0, 1.0, 6.0, 1.0]))
(278700541, DenseVector([1.0, 97.0, 2429.0, 0.0, 4299.0, 0.0, 1.0, 1.0, 1.0, 5.0, 0.0, 5.0, 4.0, 1.0]))
(274880359, DenseVector([1.0, 98.0, 85581.0, 2.0, 17.9, 1.0, 1.0, 1.0, 1.0, 5.0, 0.0, 200.0, 8.0, 1.0]))
(281463586, DenseVector([2.0, 99.0, 4155.0, 1.0, 27.9, 1.0, 1.0, 1.0, 1.0, 5.0, 0.0, 250.0, 5.0, 1.0]))
(282057872, DenseVector([1.0, 93.0, 9053.0, 0.0, 3999.0, 1.0, 1.0, 0.0, 1.0, 5.0, 0.0, 1.0, 1.0, 1.0]))
(282057873, DenseVector([1.0, 93.0, 8959.0, 1.0, 3899.0, 1.0, 1.0, 0.0, 1.0, 5.0, 0.0, 2.0, 1.0, 1.0]))
(277480874, DenseVector([1.0, 98.0, 1337.0, 0.0, 14.77, 0.0, 1.0, 0.0, 1.0, 5.0, 0.0, 132.0, 6.0, 1.0]))
(277474291, DenseVector([1.0, 98.0, 1337.0, 0.0, 27.6, 0.0, 1.0, 0.0, 1.0, 5.0, 0.0, 20.0, 1.0, 1.0]))
(282057878, DenseVector([1.0, 93.0, 9053.0, 0.0, 3499.0, 1.0, 1.0, 0.0, 1.0, 5.0, 0.0, 2.0, 1.0, 1.0]))
(255300935, DenseVector([1.0, 96.0, 10199.0, 470.0, 3699.0, 1.0, 0.0, 1.0, 1.0, 5.0, 0.0, 520.0, 4.0, 1.0]))
(276785124, DenseVector([2.0, 96.0, 17841.0, 0.0, 15.99, 0.0, 1.0, 0.0, 1.0, 5.0, 0.0, 200.0, 2.0, 1.0]))
(283612149, DenseVector([1.0, 99.0, 12016.0, 5.0, 99.9, 1.0, 1.0, 1.0, 1.0, 5.0, 0.0, 20.0, 1.0, 1.0]))
(277479745, DenseVector([1.0, 98.0, 1337.0, 0.0, 42.99, 0.0, 1.0, 0.0, 1.0, 5.0, 0.0, 19.0, 1.0, 1.0]))
(282057881, DenseVector([1.0, 93.0, 9053.0, 0.0, 3499.0, 1.0, 1.0, 0.0, 1.0, 5.0, 0.0, 2.0, 1.0, 1.0]))
(277480881, DenseVector([1.0, 98.0, 1337.0, 1.0, 14.77, 0.0, 1.0, 0.0, 1.0, 5.0, 0.0, 29.0, 6.0, 1.0]))
(276785128, DenseVector([2.0, 96.0, 17841.0, 2.0, 13.99, 0.0, 1.0, 0.0, 1.0, 5.0, 0.0, 400.0, 7.0, 1.0]))
(278013429, DenseVector([1.0, 99.0, 11913.0, 1.0, 49.9, 1.0, 1.0, 1.0, 1.0, 5.0, 0.0, 100.0, 4.0, 1.0]))
(276785132, DenseVector([2.0, 96.0, 17841.0, 6.0, 7.49, 0.0, 1.0, 0.0, 1.0, 5.0, 0.0, 400.0, 3.0, 1.0]))
(284543538, DenseVector([2.0, 100.0, 3.0, 0.0, 3800.0, 0.0, 1.0, 0.0, 1.0, 0.0, 0.0, 2.0, 1.0, 1.0]))
(278011615, DenseVector([1.0, 99.0, 11913.0, 0.0, 49.9, 1.0, 1.0, 1.0, 1.0, 5.0, 0.0, 100.0, 3.0, 1.0]))
(251039704, DenseVector([1.0, 97.0, 10439.0, 878.0, 3259.0, 1.0, 0.0, 1.0, 1.0, 5.0, 0.0, 895.0, 6.0, 1.0]))
(264818152, DenseVector([1.0, 99.0, 12441.0, 0.0, 29.9, 1.0, 1.0, 1.0, 1.0, 5.0, 0.0, 20.0, 1.0, 1.0]))
(271424082, DenseVector([1.0, 99.0, 12228.0, 1.0, 44.9, 1.0, 1.0, 1.0, 1.0, 5.0, 0.0, 60.0, 4.0, 1.0]))
(283117082, DenseVector([3.0, 100.0, 4.0, 0.0, 3885.36, 0.0, 1.0, 0.0, 1.0, 0.0, 0.0, 5.0, 3.0, 1.0]))
(284544231, DenseVector([2.0, 100.0, 3.0, 0.0, 4410.0, 0.0, 1.0, 0.0, 1.0, 0.0, 0.0, 1.0, 1.0, 1.0]))
(281213007, DenseVector([2.0, 97.0, 8901.0, 0.0, 44614.9, 0.0, 0.0, 0.0, 1.0, 5.0, 0.0, 25.0, 1.0, 1.0]))
(277480901, DenseVector([1.0, 98.0, 1337.0, 0.0, 14.77, 0.0, 1.0, 0.0, 1.0, 5.0, 0.0, 50.0, 6.0, 1.0]))
(277480904, DenseVector([1.0, 98.0, 1337.0, 1.0, 14.77, 0.0, 1.0, 0.0, 1.0, 5.0, 0.0, 50.0, 6.0, 1.0]))
(283361567, DenseVector([1.0, 98.0, 806.0, 0.0, 5013.44, 0.0, 1.0, 0.0, 1.0, 5.0, 0.0, 1.0, 2.0, 1.0]))
(281437743, DenseVector([1.0, 93.0, 8959.0, 1.0, 4999.0, 1.0, 1.0, 0.0, 1.0, 5.0, 0.0, 1.0, 1.0, 1.0]))
(283844854, DenseVector([2.0, 97.0, 1092.0, 7.0, 29.9, 1.0, 1.0, 1.0, 1.0, 5.0, 0.0, 60.0, 3.0, 1.0]))
(282057911, DenseVector([1.0, 93.0, 9053.0, 0.0, 3999.0, 1.0, 1.0, 0.0, 1.0, 5.0, 0.0, 1.0, 1.0, 1.0]))
(278062485, DenseVector([1.0, 98.0, 11745.0, 0.0, 19.9, 1.0, 1.0, 0.0, 1.0, 5.0, 0.0, 1200.0, 3.0, 1.0]))
(283844856, DenseVector([2.0, 97.0, 1088.0, 16.0, 29.9, 1.0, 1.0, 1.0, 1.0, 5.0, 0.0, 107.0, 1.0, 1.0]))
(279266947, DenseVector([1.0, 98.0, 11745.0, 0.0, 19.9, 1.0, 1.0, 0.0, 1.0, 5.0, 0.0, 900.0, 1.0, 1.0]))
(264059993, DenseVector([1.0, 92.0, 717.0, 1.0, 4499.0, 0.0, 1.0, 0.0, 1.0, 5.0, 0.0, 110.0, 1.0, 1.0]))
(264310148, DenseVector([1.0, 95.0, 90926.0, 13.0, 27.9, 1.0, 1.0, 1.0, 1.0, 5.0, 0.0, 500.0, 5.0, 1.0]))
(277470700, DenseVector([1.0, 98.0, 1337.0, 0.0, 32.73, 0.0, 1.0, 0.0, 1.0, 5.0, 0.0, 20.0, 4.0, 1.0]))
(281909232, DenseVector([3.0, 100.0, 4.0, 0.0, 3885.36, 1.0, 1.0, 1.0, 1.0, 0.0, 0.0, 5.0, 3.0, 1.0]))
(277479783, DenseVector([1.0, 98.0, 1337.0, 0.0, 42.99, 0.0, 1.0, 0.0, 1.0, 5.0, 0.0, 10.0, 1.0, 1.0]))
(275021146, DenseVector([1.0, 99.0, 12441.0, 0.0, 49.9, 1.0, 1.0, 1.0, 1.0, 5.0, 0.0, 100.0, 4.0, 1.0]))
(277479557, DenseVector([1.0, 98.0, 1337.0, 0.0, 22.47, 0.0, 1.0, 0.0, 1.0, 5.0, 0.0, 18.0, 5.0, 1.0]))
(265674650, DenseVector([2.0, 98.0, 1503.0, 0.0, 25.9, 0.0, 1.0, 0.0, 1.0, 5.0, 0.0, 600.0, 3.0, 1.0]))
(280354513, DenseVector([2.0, 96.0, 17841.0, 5.0, 24.89, 1.0, 1.0, 0.0, 1.0, 5.0, 0.0, 60.0, 0.0, 1.0]))
(284154721, DenseVector([1.0, 93.0, 9053.0, 0.0, 3499.0, 1.0, 1.0, 0.0, 1.0, 5.0, 0.0, 2.0, 1.0, 1.0]))
(277471387, DenseVector([1.0, 98.0, 1337.0, 0.0, 13.75, 0.0, 1.0, 0.0, 1.0, 5.0, 0.0, 22.0, 1.0, 1.0]))
(277471388, DenseVector([1.0, 98.0, 1337.0, 0.0, 13.75, 0.0, 1.0, 0.0, 1.0, 5.0, 0.0, 17.0, 1.0, 1.0]))
(277471389, DenseVector([1.0, 98.0, 1337.0, 0.0, 13.75, 0.0, 1.0, 0.0, 1.0, 5.0, 0.0, 20.0, 1.0, 1.0]))
(267721740, DenseVector([1.0, 96.0, 3599.0, 0.0, 5200.0, 0.0, 1.0, 0.0, 1.0, 5.0, 0.0, 2.0, 2.0, 1.0]))
(277471390, DenseVector([1.0, 98.0, 1337.0, 0.0, 13.75, 0.0, 1.0, 0.0, 1.0, 5.0, 0.0, 21.0, 1.0, 1.0]))
(277479563, DenseVector([1.0, 98.0, 1337.0, 0.0, 22.47, 0.0, 1.0, 0.0, 1.0, 5.0, 0.0, 37.0, 5.0, 1.0]))
(269849412, DenseVector([1.0, 99.0, 11934.0, 1.0, 34.9, 1.0, 1.0, 1.0, 1.0, 5.0, 0.0, 9.0, 2.0, 1.0]))
(284555834, DenseVector([1.0, 93.0, 46116.0, 9.0, 3799.0, 1.0, 1.0, 0.0, 1.0, 5.0, 0.0, 30.0, 1.0, 1.0]))
(278062500, DenseVector([1.0, 98.0, 11745.0, 0.0, 21.9, 1.0, 1.0, 0.0, 1.0, 5.0, 0.0, 900.0, 1.0, 1.0]))
(280354519, DenseVector([2.0, 96.0, 17841.0, 2.0, 19.99, 0.0, 1.0, 0.0, 1.0, 5.0, 0.0, 250.0, 7.0, 1.0]))
(284555836, DenseVector([1.0, 93.0, 46116.0, 2.0, 3799.0, 1.0, 1.0, 0.0, 1.0, 5.0, 0.0, 30.0, 1.0, 1.0]))
(267721743, DenseVector([1.0, 96.0, 3599.0, 0.0, 5200.0, 0.0, 1.0, 0.0, 1.0, 5.0, 0.0, 1.0, 1.0, 1.0]))
(280354523, DenseVector([2.0, 96.0, 17841.0, 3.0, 19.99, 0.0, 1.0, 0.0, 1.0, 5.0, 0.0, 250.0, 7.0, 1.0]))
(277472077, DenseVector([1.0, 98.0, 1337.0, 0.0, 30.16, 0.0, 1.0, 0.0, 1.0, 5.0, 0.0, 8.0, 5.0, 1.0]))
(282836543, DenseVector([1.0, 97.0, 2430.0, 0.0, 4459.0, 1.0, 0.0, 1.0, 1.0, 5.0, 0.0, 10.0, 5.0, 1.0]))
(277479571, DenseVector([1.0, 98.0, 1337.0, 0.0, 22.47, 0.0, 1.0, 0.0, 1.0, 5.0, 0.0, 17.0, 5.0, 1.0]))
(283117116, DenseVector([3.0, 100.0, 4.0, 0.0, 3885.36, 0.0, 1.0, 0.0, 1.0, 0.0, 0.0, 5.0, 3.0, 1.0]))
(284555842, DenseVector([1.0, 93.0, 46116.0, 9.0, 3799.0, 1.0, 1.0, 0.0, 1.0, 5.0, 0.0, 30.0, 1.0, 1.0]))
(282057935, DenseVector([1.0, 93.0, 9053.0, 0.0, 4799.0, 1.0, 1.0, 0.0, 1.0, 5.0, 0.0, 2.0, 1.0, 1.0]))
(277472989, DenseVector([1.0, 98.0, 1337.0, 1.0, 22.47, 0.0, 1.0, 0.0, 1.0, 5.0, 0.0, 31.0, 1.0, 1.0]))
(277479573, DenseVector([1.0, 98.0, 1337.0, 0.0, 22.47, 0.0, 1.0, 0.0, 1.0, 5.0, 0.0, 19.0, 5.0, 1.0]))
(282989317, DenseVector([1.0, 99.0, 69568.0, 42.0, 19.99, 1.0, 1.0, 1.0, 1.0, 5.0, 0.0, 693.0, 8.0, 1.0]))
(277479575, DenseVector([1.0, 98.0, 1337.0, 0.0, 22.47, 0.0, 1.0, 0.0, 1.0, 5.0, 0.0, 5.0, 5.0, 1.0]))
(277472084, DenseVector([1.0, 98.0, 1337.0, 0.0, 30.16, 0.0, 1.0, 0.0, 1.0, 5.0, 0.0, 37.0, 5.0, 1.0]))
(277471631, DenseVector([1.0, 98.0, 1337.0, 0.0, 12.21, 0.0, 1.0, 0.0, 1.0, 5.0, 0.0, 326.0, 1.0, 1.0]))
(284555847, DenseVector([1.0, 93.0, 46275.0, 2.0, 3799.0, 1.0, 1.0, 0.0, 1.0, 5.0, 0.0, 32.0, 1.0, 1.0]))
(283055605, DenseVector([1.0, 96.0, 117.0, 0.0, 4839.9, 0.0, 1.0, 0.0, 1.0, 5.0, 0.0, 2.0, 1.0, 1.0]))
(277472086, DenseVector([1.0, 98.0, 1337.0, 0.0, 27.6, 0.0, 1.0, 0.0, 1.0, 5.0, 0.0, 6.0, 4.0, 1.0]))
(253983034, DenseVector([1.0, 96.0, 3608.0, 0.0, 3912.0, 0.0, 1.0, 0.0, 1.0, 5.0, 0.0, 2.0, 1.0, 1.0]))
(277472087, DenseVector([1.0, 98.0, 1337.0, 0.0, 27.6, 0.0, 1.0, 0.0, 1.0, 5.0, 0.0, 9.0, 5.0, 1.0]))
